     1060	2019-05-01 08:31:59	1	0	1	0
       47	2019-05-01 08:53:57	1	0	1	0
       44	2019-05-01 08:54:00	1	0	1	0
       33	2019-05-01 08:59:19	1	0	1	0
     2051	2019-05-01 09:21:41	1	0	1	0
       27	2019-05-01 10:08:49	1	0	1	0
       29	2019-05-01 10:19:16	1	0	1	0
     2057	2019-05-01 10:32:00	1	0	1	0
       28	2019-05-01 11:24:15	1	0	1	0
     1033	2019-05-01 11:31:30	1	0	1	0
     1033	2019-05-01 12:59:10	1	1	1	0
       44	2019-05-01 13:00:50	1	1	1	0
     1044	2019-05-01 13:05:29	1	0	1	0
     2057	2019-05-01 13:32:41	1	1	1	0
       28	2019-05-01 14:36:16	1	1	1	0
     2051	2019-05-01 14:59:51	1	1	1	0
       29	2019-05-01 14:59:58	1	1	1	0
       29	2019-05-01 15:00:04	1	0	1	0
       47	2019-05-01 15:06:26	1	1	1	0
     2051	2019-05-01 15:46:50	1	0	1	0
     1060	2019-05-01 17:08:24	1	1	1	0
     2051	2019-05-01 17:11:24	1	1	1	0
       33	2019-05-01 18:49:08	1	1	1	0
       29	2019-05-01 18:59:34	1	1	1	0
     1081	2019-05-02 07:34:49	1	0	1	0
     1060	2019-05-02 07:57:32	1	0	1	0
       14	2019-05-02 08:07:15	1	0	1	0
     1080	2019-05-02 08:09:58	1	0	1	0
       44	2019-05-02 08:10:03	1	0	1	0
     1080	2019-05-02 08:13:18	1	1	1	0
     1067	2019-05-02 08:18:10	1	0	1	0
       28	2019-05-02 08:25:49	1	0	1	0
       10	2019-05-02 08:27:34	1	0	1	0
       10	2019-05-02 08:27:40	1	0	1	0
       48	2019-05-02 08:41:33	1	0	1	0
     1078	2019-05-02 08:48:04	1	0	1	0
       13	2019-05-02 08:49:25	1	0	1	0
       33	2019-05-02 08:58:42	1	0	1	0
        7	2019-05-02 09:02:14	1	0	1	0
       50	2019-05-02 09:02:21	1	0	1	0
     1030	2019-05-02 09:05:43	1	0	1	0
       32	2019-05-02 09:07:53	1	0	1	0
     1080	2019-05-02 09:08:28	1	0	1	0
     1081	2019-05-02 09:08:36	1	0	1	0
     1066	2019-05-02 09:12:22	1	0	1	0
       28	2019-05-02 09:17:08	1	1	1	0
     1082	2019-05-02 09:18:17	1	0	1	0
       41	2019-05-02 09:18:40	1	0	1	0
        5	2019-05-02 09:23:27	1	0	1	0
        5	2019-05-02 09:23:28	1	0	1	0
        6	2019-05-02 09:23:36	1	0	1	0
       21	2019-05-02 09:33:24	1	0	1	0
       12	2019-05-02 09:36:38	1	0	1	0
       29	2019-05-02 09:46:07	1	0	1	0
       22	2019-05-02 09:47:52	1	0	1	0
       28	2019-05-02 09:50:18	1	0	1	0
     1033	2019-05-02 09:53:43	1	0	1	0
       29	2019-05-02 09:54:12	1	1	1	0
       32	2019-05-02 09:54:48	1	1	1	0
       27	2019-05-02 09:56:34	1	0	1	0
     1083	2019-05-02 10:02:20	1	0	1	0
        3	2019-05-02 10:07:05	1	0	1	0
     2051	2019-05-02 10:09:23	1	0	1	0
        1	2019-05-02 10:25:49	1	0	1	0
     1031	2019-05-02 10:44:15	1	0	1	0
       24	2019-05-02 11:18:19	1	0	1	0
       47	2019-05-02 12:00:22	1	0	1	0
       10	2019-05-02 12:04:54	1	1	1	0
       44	2019-05-02 12:10:46	1	1	1	0
       48	2019-05-02 12:10:54	1	1	1	0
        6	2019-05-02 12:11:45	1	1	1	0
        5	2019-05-02 12:11:53	1	1	1	0
     1060	2019-05-02 12:30:15	1	1	1	0
       21	2019-05-02 12:30:45	1	1	1	0
     1081	2019-05-02 12:35:49	1	1	1	0
     1083	2019-05-02 12:36:07	1	1	1	0
     1083	2019-05-02 12:36:08	1	1	1	0
       20	2019-05-02 12:37:31	1	0	1	0
       48	2019-05-02 12:45:53	1	0	1	0
     1030	2019-05-02 12:46:12	1	1	1	0
        6	2019-05-02 12:52:57	1	1	1	0
        6	2019-05-02 12:53:02	1	0	1	0
        5	2019-05-02 12:53:08	1	0	1	0
       22	2019-05-02 13:00:58	1	0	1	0
       22	2019-05-02 13:01:18	1	1	1	0
        2	2019-05-02 13:08:21	1	0	1	0
     1078	2019-05-02 13:13:03	1	1	1	0
     1033	2019-05-02 13:14:12	1	1	1	0
       28	2019-05-02 13:16:41	1	1	1	0
       50	2019-05-02 13:25:55	1	1	1	0
       22	2019-05-02 13:31:51	1	0	1	0
     1044	2019-05-02 13:34:35	1	0	1	0
     1030	2019-05-02 13:41:21	1	0	1	0
     1080	2019-05-02 13:47:12	1	0	1	0
     1083	2019-05-02 13:47:19	1	0	1	0
     1082	2019-05-02 13:47:28	1	0	1	0
     1081	2019-05-02 13:50:24	1	0	1	0
       44	2019-05-02 14:17:13	1	0	1	0
       24	2019-05-02 14:27:42	1	1	1	0
       28	2019-05-02 14:36:31	1	0	1	0
       28	2019-05-02 14:39:09	1	1	1	0
     1067	2019-05-02 14:41:10	1	1	1	0
       50	2019-05-02 14:43:40	1	0	1	0
       28	2019-05-02 15:38:23	1	0	1	0
       24	2019-05-02 15:40:01	1	0	1	0
       33	2019-05-02 15:49:10	1	1	1	0
       29	2019-05-02 16:01:06	1	0	1	0
       32	2019-05-02 16:01:08	1	0	1	0
       41	2019-05-02 16:09:03	1	1	1	0
     1060	2019-05-02 16:22:34	1	0	1	0
        5	2019-05-02 16:49:31	1	1	1	0
     1066	2019-05-02 16:50:17	1	1	1	0
        5	2019-05-02 16:59:35	1	0	1	0
       41	2019-05-02 17:17:28	1	0	1	0
       14	2019-05-02 17:35:26	1	1	1	0
       12	2019-05-02 17:38:18	1	1	1	0
       41	2019-05-02 17:39:34	1	1	1	0
       48	2019-05-02 17:40:00	1	1	1	0
       47	2019-05-02 17:42:50	1	1	1	0
     1083	2019-05-02 17:43:59	1	1	1	0
     1080	2019-05-02 17:44:10	1	1	1	0
       28	2019-05-02 17:47:47	1	1	1	0
       29	2019-05-02 17:49:41	1	1	1	0
       32	2019-05-02 17:49:46	1	1	1	0
     2051	2019-05-02 17:49:52	1	1	1	0
       50	2019-05-02 17:50:38	1	1	1	0
     1030	2019-05-02 17:53:33	1	1	1	0
     1081	2019-05-02 18:01:17	1	1	1	0
     1082	2019-05-02 18:06:39	1	1	1	0
       24	2019-05-02 18:08:44	1	1	1	0
        3	2019-05-02 18:13:26	1	1	1	0
       44	2019-05-02 18:16:22	1	1	1	0
        5	2019-05-02 18:37:51	1	1	1	0
        6	2019-05-02 18:38:54	1	1	1	0
     1044	2019-05-02 18:40:46	1	1	1	0
       22	2019-05-02 18:44:55	1	1	1	0
        1	2019-05-02 19:13:22	1	1	1	0
       20	2019-05-02 19:17:56	1	1	1	0
       13	2019-05-02 19:18:01	1	1	1	0
     1080	2019-05-03 07:39:51	1	0	1	0
       33	2019-05-03 08:01:36	1	0	1	0
     1080	2019-05-03 08:04:00	1	1	1	0
     1078	2019-05-03 08:16:55	1	1	1	0
       50	2019-05-03 08:17:07	1	0	1	0
     1078	2019-05-03 08:17:12	1	0	1	0
       10	2019-05-03 08:28:47	1	0	1	0
       44	2019-05-03 08:32:32	1	0	1	0
       32	2019-05-03 08:43:12	1	0	1	0
       15	2019-05-03 08:44:22	1	0	1	0
        8	2019-05-03 08:44:42	1	0	1	0
        7	2019-05-03 08:49:43	1	0	1	0
        5	2019-05-03 09:03:45	1	0	1	0
        6	2019-05-03 09:03:53	1	0	1	0
     1082	2019-05-03 09:09:49	1	0	1	0
     1080	2019-05-03 09:09:54	1	0	1	0
     1083	2019-05-03 09:09:58	1	0	1	0
     1066	2019-05-03 09:12:51	1	0	1	0
       29	2019-05-03 09:24:54	1	0	1	0
     1030	2019-05-03 09:27:10	1	0	1	0
       10	2019-05-03 09:33:12	1	1	1	0
       48	2019-05-03 09:35:51	1	0	1	0
     1033	2019-05-03 09:41:28	1	0	1	0
     2051	2019-05-03 09:48:02	1	0	1	0
       12	2019-05-03 10:06:07	1	0	1	0
        1	2019-05-03 10:06:20	1	0	1	0
        3	2019-05-03 10:19:52	1	0	1	0
       41	2019-05-03 10:39:03	1	0	1	0
     1031	2019-05-03 10:41:25	1	0	1	0
       28	2019-05-03 10:41:31	1	0	1	0
       47	2019-05-03 10:46:16	1	0	1	0
       24	2019-05-03 10:49:59	1	0	1	0
     1081	2019-05-03 11:10:25	1	0	1	0
       47	2019-05-03 12:12:08	1	1	1	0
        3	2019-05-03 12:25:02	1	1	1	0
     2057	2019-05-03 12:26:41	1	0	1	0
       33	2019-05-03 12:33:05	1	1	1	0
     1082	2019-05-03 12:34:39	1	1	1	0
     1080	2019-05-03 12:34:49	1	1	1	0
     1081	2019-05-03 12:34:55	1	1	1	0
     1083	2019-05-03 12:35:01	1	1	1	0
     1030	2019-05-03 12:35:05	1	1	1	0
       48	2019-05-03 12:36:41	1	1	1	0
       44	2019-05-03 12:42:20	1	1	1	0
       24	2019-05-03 12:49:34	1	1	1	0
     1060	2019-05-03 12:57:58	1	0	1	0
        8	2019-05-03 13:04:00	1	1	1	0
        7	2019-05-03 13:04:18	1	1	1	0
       48	2019-05-03 13:04:42	1	0	1	0
       20	2019-05-03 13:06:00	1	0	1	0
       50	2019-05-03 13:23:13	1	1	1	0
     1082	2019-05-03 13:37:45	1	0	1	0
     1083	2019-05-03 13:37:51	1	0	1	0
     1081	2019-05-03 13:37:57	1	0	1	0
     1080	2019-05-03 13:40:10	1	0	1	0
     1030	2019-05-03 13:41:59	1	0	1	0
     1078	2019-05-03 13:47:47	1	1	1	0
       24	2019-05-03 13:57:22	1	0	1	0
        3	2019-05-03 14:16:11	1	0	1	0
       44	2019-05-03 14:17:36	1	0	1	0
        8	2019-05-03 14:35:15	1	0	1	0
        7	2019-05-03 14:35:20	1	0	1	0
       28	2019-05-03 14:35:27	1	1	1	0
     2051	2019-05-03 14:39:42	1	1	1	0
     2057	2019-05-03 14:51:58	1	1	1	0
       50	2019-05-03 14:52:58	1	0	1	0
       28	2019-05-03 14:55:25	1	0	1	0
     2051	2019-05-03 15:30:47	1	0	1	0
       41	2019-05-03 15:33:17	1	1	1	0
     1033	2019-05-03 15:33:23	1	1	1	0
       48	2019-05-03 16:19:15	1	1	1	0
     1030	2019-05-03 16:24:37	1	1	1	0
       47	2019-05-03 16:25:03	1	0	1	0
       12	2019-05-03 16:27:29	1	1	1	0
       29	2019-05-03 16:29:31	1	1	1	0
       32	2019-05-03 16:36:16	1	1	1	0
       27	2019-05-03 16:36:20	1	1	1	0
     1066	2019-05-03 16:46:25	1	1	1	0
       44	2019-05-03 17:19:17	1	1	1	0
       20	2019-05-03 17:21:00	1	1	1	0
       41	2019-05-03 17:23:31	1	0	1	0
     1031	2019-05-03 17:23:42	1	1	1	0
     1082	2019-05-03 17:26:18	1	1	1	0
     1080	2019-05-03 17:26:31	1	1	1	0
     1083	2019-05-03 17:26:37	1	1	1	0
        1	2019-05-03 17:55:03	1	1	1	0
     2051	2019-05-03 17:55:05	1	1	1	0
     1060	2019-05-03 18:13:32	1	1	1	0
     1081	2019-05-03 18:13:48	1	1	1	0
        3	2019-05-03 18:36:50	1	1	1	0
        5	2019-05-03 18:46:14	1	1	1	0
        6	2019-05-03 18:50:57	1	1	1	0
       50	2019-05-03 18:59:28	1	1	1	0
       41	2019-05-03 18:59:47	1	1	1	0
       28	2019-05-03 19:44:20	1	1	1	0
     1081	2019-05-04 07:42:47	1	0	1	0
       14	2019-05-04 08:02:51	1	0	1	0
       44	2019-05-04 08:11:01	1	0	1	0
       21	2019-05-04 08:13:03	1	0	1	0
     1078	2019-05-04 08:24:14	1	0	1	0
       12	2019-05-04 08:27:43	1	0	1	0
       13	2019-05-04 08:29:59	1	0	1	0
     1066	2019-05-04 08:35:59	1	0	1	0
       33	2019-05-04 09:03:51	1	0	1	0
       50	2019-05-04 09:05:24	1	0	1	0
        6	2019-05-04 09:12:33	1	0	1	0
       47	2019-05-04 09:31:27	1	0	1	0
       28	2019-05-04 09:40:11	1	0	1	0
        8	2019-05-04 09:46:24	1	0	1	0
       48	2019-05-04 09:47:54	1	0	1	0
       29	2019-05-04 09:48:02	1	0	1	0
     1030	2019-05-04 09:51:54	1	0	1	0
       27	2019-05-04 10:08:07	1	0	1	0
     2056	2019-05-04 10:27:40	1	0	1	0
       15	2019-05-04 10:36:14	1	0	1	0
       22	2019-05-04 11:10:25	1	0	1	0
     1030	2019-05-04 11:14:46	1	1	1	0
       44	2019-05-04 11:23:12	1	1	1	0
     2014	2019-05-04 11:33:45	1	0	1	0
     2056	2019-05-04 11:56:56	1	1	1	0
       15	2019-05-04 12:28:18	1	1	1	0
       28	2019-05-04 12:43:23	1	1	1	0
     1081	2019-05-04 12:43:37	1	1	1	0
       48	2019-05-04 12:57:29	1	1	1	0
     1044	2019-05-04 12:57:38	1	0	1	0
       12	2019-05-04 13:11:00	1	1	1	0
        6	2019-05-04 13:25:22	1	1	1	0
     1045	2019-05-04 13:32:06	1	1	1	0
     1045	2019-05-04 13:32:12	1	0	1	0
       50	2019-05-04 13:32:48	1	1	1	0
     2014	2019-05-04 13:33:02	1	1	1	0
       14	2019-05-04 13:33:21	1	1	1	0
       22	2019-05-04 14:11:59	1	1	1	0
       22	2019-05-04 14:14:32	1	0	1	0
       32	2019-05-04 15:48:28	1	0	1	0
       28	2019-05-04 15:56:49	1	0	1	0
       13	2019-05-04 16:27:46	1	1	1	0
       28	2019-05-04 16:31:09	1	1	1	0
     1078	2019-05-04 17:16:04	1	1	1	0
     1066	2019-05-04 17:36:25	1	1	1	0
       32	2019-05-04 17:42:00	1	1	1	0
       27	2019-05-04 17:42:10	1	1	1	0
       22	2019-05-04 17:54:28	1	1	1	0
       47	2019-05-04 17:55:24	1	1	1	0
       29	2019-05-04 18:26:37	1	1	1	0
       33	2019-05-04 18:42:04	1	1	1	0
     1045	2019-05-04 18:58:47	1	1	1	0
       12	2019-05-06 07:42:55	1	0	1	0
     1080	2019-05-06 07:46:12	1	0	1	0
       28	2019-05-06 08:07:32	1	0	1	0
     1083	2019-05-06 08:22:22	1	0	1	0
        5	2019-05-06 08:36:55	1	0	1	0
       14	2019-05-06 08:39:41	1	0	1	0
       48	2019-05-06 08:40:15	1	0	1	0
     1082	2019-05-06 08:42:55	1	0	1	0
       50	2019-05-06 08:44:01	1	0	1	0
     1078	2019-05-06 08:52:13	1	0	1	0
     1066	2019-05-06 08:52:19	1	0	1	0
       44	2019-05-06 08:57:40	1	0	1	0
        7	2019-05-06 08:58:25	1	0	1	0
       32	2019-05-06 09:00:38	1	0	1	0
       15	2019-05-06 09:11:54	1	0	1	0
     2051	2019-05-06 09:15:42	1	0	1	0
        6	2019-05-06 09:25:33	1	0	1	0
       33	2019-05-06 09:27:50	1	0	1	0
     1033	2019-05-06 09:38:52	1	0	1	0
       19	2019-05-06 09:45:53	1	0	1	0
       13	2019-05-06 09:48:10	1	0	1	0
        8	2019-05-06 10:04:26	1	0	1	0
        1	2019-05-06 10:07:13	1	0	1	0
        3	2019-05-06 10:11:01	1	0	1	0
       29	2019-05-06 10:11:06	1	0	1	0
       24	2019-05-06 10:11:12	1	0	1	0
       41	2019-05-06 10:12:34	1	0	1	0
       47	2019-05-06 10:39:20	1	0	1	0
     1081	2019-05-06 10:46:09	1	0	1	0
       41	2019-05-06 11:16:51	1	1	1	0
     2051	2019-05-06 12:00:11	1	1	1	0
       44	2019-05-06 12:08:51	1	1	1	0
       32	2019-05-06 12:11:15	1	1	1	0
     1080	2019-05-06 12:15:03	1	1	1	0
     1083	2019-05-06 12:15:09	1	1	1	0
     1082	2019-05-06 12:15:14	1	1	1	0
       24	2019-05-06 12:26:16	1	1	1	0
        7	2019-05-06 12:37:54	1	1	1	0
        8	2019-05-06 12:37:56	1	1	1	0
        8	2019-05-06 13:04:20	1	0	1	0
        7	2019-05-06 13:04:25	1	0	1	0
       14	2019-05-06 13:19:36	1	1	1	0
       13	2019-05-06 13:19:45	1	1	1	0
       32	2019-05-06 13:19:53	1	0	1	0
       28	2019-05-06 13:22:09	1	1	1	0
     1080	2019-05-06 13:36:10	1	1	1	0
     1083	2019-05-06 13:36:18	1	0	1	0
     1080	2019-05-06 13:36:22	1	0	1	0
     1082	2019-05-06 13:36:35	1	0	1	0
       24	2019-05-06 13:37:52	1	0	1	0
        1	2019-05-06 13:41:05	1	1	1	0
        1	2019-05-06 13:41:10	1	0	1	0
     1030	2019-05-06 14:10:12	1	0	1	0
        3	2019-05-06 14:20:07	1	1	1	0
       50	2019-05-06 14:20:16	1	1	1	0
       44	2019-05-06 14:23:46	1	0	1	0
       23	2019-05-06 14:25:34	1	0	1	0
       28	2019-05-06 14:41:44	1	0	1	0
     2051	2019-05-06 14:42:45	1	0	1	0
     1078	2019-05-06 14:50:27	1	1	1	0
     1066	2019-05-06 14:58:24	1	1	1	0
       25	2019-05-06 14:58:31	1	0	1	0
       50	2019-05-06 14:59:57	1	0	1	0
     1060	2019-05-06 15:00:18	1	0	1	0
       48	2019-05-06 15:12:43	1	1	1	0
     1030	2019-05-06 15:26:10	1	1	1	0
       12	2019-05-06 15:40:30	1	1	1	0
       19	2019-05-06 15:45:13	1	1	1	0
       15	2019-05-06 15:49:11	1	1	1	0
        6	2019-05-06 15:54:02	1	1	1	0
       41	2019-05-06 15:56:26	1	1	1	0
     1033	2019-05-06 15:56:34	1	1	1	0
       41	2019-05-06 16:17:24	1	0	1	0
     1033	2019-05-06 16:17:31	1	0	1	0
        3	2019-05-06 16:26:08	1	0	1	0
        5	2019-05-06 16:29:48	1	1	1	0
        1	2019-05-06 16:42:02	1	1	1	0
       28	2019-05-06 16:47:11	1	1	1	0
       41	2019-05-06 16:48:40	1	1	1	0
       29	2019-05-06 17:17:09	1	1	1	0
       32	2019-05-06 17:18:39	1	1	1	0
     1080	2019-05-06 17:26:49	1	1	1	0
     1083	2019-05-06 17:26:59	1	1	1	0
     1082	2019-05-06 17:27:29	1	1	1	0
        7	2019-05-06 17:29:44	1	1	1	0
        8	2019-05-06 17:30:05	1	1	1	0
     1033	2019-05-06 17:38:28	1	1	1	0
       23	2019-05-06 17:44:09	1	1	1	0
     2051	2019-05-06 17:59:58	1	1	1	0
     1081	2019-05-06 18:05:35	1	1	1	0
     1060	2019-05-06 18:12:58	1	1	1	0
       24	2019-05-06 18:15:23	1	1	1	0
       33	2019-05-06 18:47:10	1	1	1	0
       25	2019-05-06 19:02:52	1	1	1	0
       50	2019-05-06 19:27:26	1	1	1	0
       44	2019-05-06 19:36:22	1	1	1	0
        3	2019-05-06 19:49:21	1	1	1	0
       12	2019-05-07 07:36:46	1	0	1	0
     1060	2019-05-07 07:46:50	1	0	1	0
     1083	2019-05-07 08:16:02	1	0	1	0
     1080	2019-05-07 08:18:45	1	0	1	0
     1080	2019-05-07 08:23:39	1	1	1	0
       44	2019-05-07 08:23:57	1	0	1	0
       14	2019-05-07 08:37:34	1	0	1	0
        7	2019-05-07 08:42:06	1	0	1	0
       25	2019-05-07 08:42:17	1	0	1	0
       47	2019-05-07 08:42:22	1	0	1	0
       50	2019-05-07 08:43:46	1	0	1	0
        5	2019-05-07 08:53:34	1	0	1	0
       32	2019-05-07 08:53:49	1	0	1	0
        8	2019-05-07 09:03:20	1	0	1	0
       48	2019-05-07 09:07:01	1	0	1	0
     1080	2019-05-07 09:08:14	1	0	1	0
     1082	2019-05-07 09:08:21	1	0	1	0
     1033	2019-05-07 09:13:26	1	0	1	0
       19	2019-05-07 09:14:37	1	0	1	0
       33	2019-05-07 09:19:22	1	0	1	0
     2051	2019-05-07 09:21:13	1	0	1	0
        6	2019-05-07 09:23:41	1	0	1	0
       24	2019-05-07 09:39:03	1	0	1	0
       42	2019-05-07 10:18:20	1	0	1	0
     1030	2019-05-07 10:24:56	1	0	1	0
       27	2019-05-07 10:27:24	1	0	1	0
        2	2019-05-07 10:31:44	1	0	1	0
       28	2019-05-07 10:34:22	1	0	1	0
       29	2019-05-07 10:40:56	1	0	1	0
        1	2019-05-07 10:47:13	1	0	1	0
       41	2019-05-07 10:50:56	1	0	1	0
     1067	2019-05-07 10:51:02	1	0	1	0
     1081	2019-05-07 10:52:47	1	0	1	0
        3	2019-05-07 10:52:53	1	0	1	0
       15	2019-05-07 11:20:10	1	0	1	0
       48	2019-05-07 11:21:01	1	1	1	0
       28	2019-05-07 11:52:57	1	1	1	0
       48	2019-05-07 12:13:25	1	0	1	0
       28	2019-05-07 12:22:39	1	0	1	0
       10	2019-05-07 12:22:56	1	0	1	0
       32	2019-05-07 12:31:33	1	1	1	0
       33	2019-05-07 12:31:41	1	1	1	0
       48	2019-05-07 12:34:11	1	1	1	0
       19	2019-05-07 12:36:36	1	1	1	0
       44	2019-05-07 12:42:12	1	1	1	0
       33	2019-05-07 12:47:59	1	0	1	0
       32	2019-05-07 12:48:03	1	0	1	0
        8	2019-05-07 12:49:36	1	1	1	0
        7	2019-05-07 12:49:40	1	1	1	0
     2057	2019-05-07 12:49:47	1	0	1	0
     1082	2019-05-07 12:50:21	1	1	1	0
     1080	2019-05-07 12:50:26	1	1	1	0
     1083	2019-05-07 12:51:33	1	1	1	0
     2051	2019-05-07 13:06:03	1	1	1	0
       14	2019-05-07 13:07:40	1	1	1	0
       28	2019-05-07 13:08:56	1	1	1	0
        2	2019-05-07 13:09:21	1	1	1	0
       19	2019-05-07 13:12:28	1	0	1	0
       24	2019-05-07 13:18:51	1	1	1	0
       25	2019-05-07 13:21:24	1	1	1	0
       50	2019-05-07 13:22:50	1	1	1	0
        7	2019-05-07 13:46:46	1	0	1	0
        8	2019-05-07 13:46:49	1	0	1	0
     2051	2019-05-07 14:03:14	1	0	1	0
     1082	2019-05-07 14:06:21	1	0	1	0
     1083	2019-05-07 14:06:26	1	0	1	0
     1080	2019-05-07 14:06:31	1	0	1	0
       41	2019-05-07 14:08:29	1	1	1	0
     1033	2019-05-07 14:08:59	1	1	1	0
       44	2019-05-07 14:15:10	1	0	1	0
        1	2019-05-07 14:23:42	1	1	1	0
       28	2019-05-07 14:28:52	1	0	1	0
        2	2019-05-07 14:28:56	1	0	1	0
        1	2019-05-07 14:31:31	1	0	1	0
       50	2019-05-07 14:35:41	1	0	1	0
       25	2019-05-07 14:36:05	1	0	1	0
       19	2019-05-07 15:02:28	1	1	1	0
       24	2019-05-07 15:03:46	1	0	1	0
       41	2019-05-07 15:03:55	1	0	1	0
     1033	2019-05-07 15:04:01	1	0	1	0
        2	2019-05-07 15:09:09	1	1	1	0
       42	2019-05-07 15:18:33	1	1	1	0
     1033	2019-05-07 15:55:45	1	1	1	0
       28	2019-05-07 16:13:08	1	1	1	0
       12	2019-05-07 16:21:00	1	1	1	0
       47	2019-05-07 16:26:19	1	1	1	0
        3	2019-05-07 16:27:31	1	1	1	0
     1081	2019-05-07 16:38:56	1	1	1	0
     1083	2019-05-07 17:16:29	1	1	1	0
        3	2019-05-07 17:20:05	1	0	1	0
     1080	2019-05-07 17:22:40	1	0	1	0
     1082	2019-05-07 17:23:22	1	0	1	0
       32	2019-05-07 17:29:23	1	1	1	0
       24	2019-05-07 17:37:01	1	1	1	0
       29	2019-05-07 17:41:54	1	1	1	0
     2051	2019-05-07 17:42:30	1	1	1	0
     1067	2019-05-07 17:50:31	1	1	1	0
     1030	2019-05-07 17:50:35	1	1	1	0
       50	2019-05-07 18:05:45	1	1	1	0
       25	2019-05-07 18:09:43	1	1	1	0
        1	2019-05-07 18:15:44	1	1	1	0
       10	2019-05-07 18:17:40	1	1	1	0
       10	2019-05-07 18:17:46	1	1	1	0
       44	2019-05-07 18:31:32	1	1	1	0
        6	2019-05-07 18:38:29	1	1	1	0
       33	2019-05-07 19:03:38	1	1	1	0
       28	2019-05-07 19:13:12	1	1	1	0
       41	2019-05-07 19:14:00	1	1	1	0
        3	2019-05-07 19:50:21	1	1	1	0
     1081	2019-05-08 07:30:00	1	0	1	0
     1083	2019-05-08 07:32:34	1	0	1	0
       33	2019-05-08 07:44:49	1	0	1	0
       28	2019-05-08 07:52:38	1	0	1	0
       25	2019-05-08 08:03:12	1	0	1	0
        5	2019-05-08 08:11:54	1	0	1	0
       13	2019-05-08 08:12:00	1	0	1	0
       44	2019-05-08 08:31:35	1	0	1	0
       10	2019-05-08 08:31:41	1	0	1	0
       50	2019-05-08 08:46:13	1	0	1	0
        8	2019-05-08 08:50:31	1	0	1	0
       19	2019-05-08 08:52:56	1	0	1	0
     1082	2019-05-08 08:53:06	1	0	1	0
     1080	2019-05-08 08:53:10	1	0	1	0
       32	2019-05-08 09:01:40	1	0	1	0
        1	2019-05-08 09:05:42	1	0	1	0
       24	2019-05-08 09:07:28	1	0	1	0
     1066	2019-05-08 09:09:49	1	0	1	0
       29	2019-05-08 09:14:38	1	0	1	0
       47	2019-05-08 09:14:42	1	0	1	0
       48	2019-05-08 09:14:46	1	0	1	0
     1030	2019-05-08 09:38:02	1	0	1	0
        7	2019-05-08 09:53:39	1	0	1	0
     1067	2019-05-08 09:58:39	1	0	1	0
        6	2019-05-08 10:04:31	1	0	1	0
        3	2019-05-08 10:34:47	1	0	1	0
       41	2019-05-08 10:44:02	1	0	1	0
     1031	2019-05-08 10:54:28	1	0	1	0
       48	2019-05-08 11:44:16	1	1	1	0
     2051	2019-05-08 11:54:23	1	0	1	0
     1080	2019-05-08 12:24:49	1	1	1	0
     1082	2019-05-08 12:24:54	1	1	1	0
     1083	2019-05-08 12:26:05	1	1	1	0
       48	2019-05-08 12:31:02	1	0	1	0
       10	2019-05-08 12:48:57	1	0	1	0
     1030	2019-05-08 12:50:36	1	1	1	0
       10	2019-05-08 13:12:59	1	1	1	0
       10	2019-05-08 13:13:00	1	1	1	0
        8	2019-05-08 13:13:12	1	1	1	0
        7	2019-05-08 13:13:29	1	1	1	0
       24	2019-05-08 13:15:41	1	1	1	0
        1	2019-05-08 13:17:38	1	1	1	0
     1082	2019-05-08 13:26:58	1	0	1	0
     1030	2019-05-08 13:27:02	1	0	1	0
     1083	2019-05-08 13:27:10	1	0	1	0
     1080	2019-05-08 13:27:14	1	0	1	0
        1	2019-05-08 13:35:25	1	0	1	0
       13	2019-05-08 13:53:16	1	1	1	0
        7	2019-05-08 14:03:08	1	0	1	0
        8	2019-05-08 14:03:13	1	0	1	0
     1031	2019-05-08 14:08:33	1	1	1	0
       44	2019-05-08 14:29:24	1	1	1	0
       41	2019-05-08 14:32:44	1	1	1	0
       50	2019-05-08 14:35:36	1	1	1	0
       25	2019-05-08 14:35:43	1	1	1	0
       24	2019-05-08 14:42:53	1	0	1	0
       29	2019-05-08 14:55:39	1	1	1	0
       44	2019-05-08 15:00:50	1	0	1	0
       28	2019-05-08 15:05:11	1	1	1	0
     1067	2019-05-08 15:09:20	1	1	1	0
     1066	2019-05-08 15:09:25	1	1	1	0
     2051	2019-05-08 15:14:58	1	1	1	0
        3	2019-05-08 15:24:30	1	1	1	0
       32	2019-05-08 15:30:15	1	1	1	0
       25	2019-05-08 15:33:48	1	0	1	0
       50	2019-05-08 15:34:00	1	0	1	0
     1054	2019-05-08 15:35:25	1	0	1	0
       48	2019-05-08 15:41:08	1	1	1	0
     1045	2019-05-08 15:41:15	1	0	1	0
       41	2019-05-08 15:58:07	1	0	1	0
     2051	2019-05-08 15:59:56	1	0	1	0
       29	2019-05-08 16:00:04	1	0	1	0
       32	2019-05-08 16:00:09	1	0	1	0
       33	2019-05-08 16:13:38	1	1	1	0
     1081	2019-05-08 16:15:04	1	1	1	0
       28	2019-05-08 16:15:35	1	0	1	0
     1031	2019-05-08 16:33:16	1	1	1	0
        3	2019-05-08 16:40:56	1	0	1	0
       41	2019-05-08 16:41:52	1	1	1	0
       10	2019-05-08 17:02:54	1	1	1	0
     1067	2019-05-08 17:05:26	1	0	1	0
     1066	2019-05-08 17:05:30	1	0	1	0
     1083	2019-05-08 17:10:10	1	1	1	0
     1080	2019-05-08 17:11:08	1	1	1	0
     1082	2019-05-08 17:13:04	1	1	1	0
     1066	2019-05-08 17:18:30	1	1	1	0
       28	2019-05-08 17:20:46	1	1	1	0
        8	2019-05-08 17:29:47	1	1	1	0
        7	2019-05-08 17:29:58	1	1	1	0
       32	2019-05-08 17:30:55	1	1	1	0
     1030	2019-05-08 17:39:48	1	1	1	0
     1067	2019-05-08 18:15:51	1	1	1	0
       24	2019-05-08 18:18:49	1	1	1	0
       47	2019-05-08 18:23:38	1	1	1	0
       44	2019-05-08 18:31:10	1	1	1	0
       25	2019-05-08 18:33:47	1	1	1	0
     1054	2019-05-08 18:41:01	1	1	1	0
        5	2019-05-08 18:50:53	1	1	1	0
        6	2019-05-08 18:51:02	1	1	1	0
       29	2019-05-08 19:18:29	1	1	1	0
     2051	2019-05-08 19:18:58	1	1	1	0
       50	2019-05-08 19:26:18	1	1	1	0
        1	2019-05-08 19:40:40	1	1	1	0
        3	2019-05-08 19:49:14	1	1	1	0
        3	2019-05-08 19:49:15	1	1	1	0
       33	2019-05-09 07:47:36	1	0	1	0
       13	2019-05-09 07:47:41	1	0	1	0
     1082	2019-05-09 07:51:54	1	0	1	0
     1080	2019-05-09 07:55:27	1	0	1	0
       12	2019-05-09 07:57:35	1	0	1	0
     1083	2019-05-09 08:25:14	1	0	1	0
       10	2019-05-09 08:26:45	1	0	1	0
       50	2019-05-09 08:38:14	1	0	1	0
       14	2019-05-09 08:42:23	1	0	1	0
       47	2019-05-09 08:46:34	1	0	1	0
       21	2019-05-09 08:51:28	1	0	1	0
       44	2019-05-09 08:54:10	1	0	1	0
        7	2019-05-09 08:55:37	1	0	1	0
       32	2019-05-09 08:59:41	1	0	1	0
        8	2019-05-09 09:01:11	1	0	1	0
     1067	2019-05-09 09:06:11	1	0	1	0
     1066	2019-05-09 09:07:02	1	0	1	0
     1033	2019-05-09 09:14:40	1	0	1	0
     2051	2019-05-09 09:14:44	1	0	1	0
        6	2019-05-09 09:19:06	1	0	1	0
     1030	2019-05-09 09:32:37	1	0	1	0
     1044	2019-05-09 09:38:58	1	0	1	0
       24	2019-05-09 09:45:04	1	0	1	0
       48	2019-05-09 09:47:18	1	0	1	0
     1081	2019-05-09 09:48:38	1	0	1	0
     1078	2019-05-09 09:56:04	1	0	1	0
       28	2019-05-09 09:56:45	1	0	1	0
        5	2019-05-09 10:06:28	1	0	1	0
       29	2019-05-09 10:06:34	1	0	1	0
        1	2019-05-09 10:06:38	1	0	1	0
        2	2019-05-09 10:20:07	1	0	1	0
       47	2019-05-09 10:29:00	1	1	1	0
        3	2019-05-09 10:57:45	1	0	1	0
       44	2019-05-09 10:58:15	1	1	1	0
       41	2019-05-09 11:11:40	1	0	1	0
       48	2019-05-09 12:10:14	1	1	1	0
     1083	2019-05-09 12:28:40	1	1	1	0
     1080	2019-05-09 12:28:44	1	1	1	0
       20	2019-05-09 12:28:51	1	0	1	0
     1082	2019-05-09 12:28:58	1	1	1	0
       33	2019-05-09 12:29:03	1	1	1	0
       50	2019-05-09 12:33:33	1	1	1	0
     1030	2019-05-09 12:33:37	1	1	1	0
       32	2019-05-09 12:35:36	1	1	1	0
     1060	2019-05-09 12:42:33	1	0	1	0
       48	2019-05-09 13:00:41	1	0	1	0
       28	2019-05-09 13:02:14	1	1	1	0
        2	2019-05-09 13:02:18	1	1	1	0
       32	2019-05-09 13:31:59	1	0	1	0
        7	2019-05-09 13:33:39	1	1	1	0
        8	2019-05-09 13:33:44	1	1	1	0
     1082	2019-05-09 13:42:18	1	0	1	0
     1080	2019-05-09 13:42:29	1	0	1	0
     1083	2019-05-09 13:42:37	1	0	1	0
        7	2019-05-09 14:03:39	1	0	1	0
       44	2019-05-09 14:17:13	1	0	1	0
        8	2019-05-09 14:20:44	1	0	1	0
        2	2019-05-09 14:26:16	1	0	1	0
       28	2019-05-09 14:26:22	1	0	1	0
       41	2019-05-09 14:27:38	1	1	1	0
     2057	2019-05-09 14:28:14	1	0	1	0
     1078	2019-05-09 14:29:47	1	1	1	0
       47	2019-05-09 14:47:18	1	0	1	0
     1030	2019-05-09 14:49:06	1	0	1	0
     1030	2019-05-09 15:01:47	1	1	1	0
        5	2019-05-09 15:17:14	1	1	1	0
       41	2019-05-09 15:18:49	1	0	1	0
       12	2019-05-09 15:49:59	1	1	1	0
       33	2019-05-09 16:24:39	1	0	1	0
       28	2019-05-09 16:34:19	1	1	1	0
     1044	2019-05-09 16:41:53	1	1	1	0
       10	2019-05-09 16:47:17	1	1	1	0
       14	2019-05-09 16:47:49	1	1	1	0
       50	2019-05-09 16:48:23	1	0	1	0
       21	2019-05-09 16:51:16	1	1	1	0
     1033	2019-05-09 16:52:25	1	1	1	0
     1081	2019-05-09 16:53:09	1	1	1	0
       41	2019-05-09 16:53:51	1	1	1	0
       24	2019-05-09 17:05:47	1	1	1	0
     2051	2019-05-09 17:07:37	1	1	1	0
     1083	2019-05-09 17:46:19	1	1	1	0
        8	2019-05-09 17:47:07	1	1	1	0
        7	2019-05-09 17:47:21	1	1	1	0
     1066	2019-05-09 17:57:32	1	1	1	0
       50	2019-05-09 17:57:38	1	1	1	0
     1067	2019-05-09 18:06:48	1	1	1	0
       32	2019-05-09 18:12:37	1	1	1	0
        1	2019-05-09 18:12:42	1	1	1	0
       44	2019-05-09 18:18:28	1	1	1	0
       29	2019-05-09 18:19:34	1	1	1	0
       33	2019-05-09 18:27:08	1	1	1	0
       47	2019-05-09 18:35:36	1	1	1	0
       13	2019-05-09 18:35:42	1	1	1	0
       20	2019-05-09 18:35:47	1	1	1	0
        6	2019-05-09 18:36:26	1	1	1	0
     1080	2019-05-09 19:11:16	1	1	1	0
        3	2019-05-09 19:49:12	1	1	1	0
     1082	2019-05-10 07:42:31	1	0	1	0
     1080	2019-05-10 08:10:49	1	0	1	0
     1083	2019-05-10 08:12:44	1	0	1	0
       25	2019-05-10 08:17:26	1	0	1	0
       10	2019-05-10 08:19:11	1	0	1	0
       47	2019-05-10 08:38:15	1	0	1	0
       44	2019-05-10 08:38:19	1	0	1	0
     1066	2019-05-10 08:54:04	1	0	1	0
       33	2019-05-10 08:56:28	1	0	1	0
       50	2019-05-10 08:56:33	1	0	1	0
     2051	2019-05-10 09:04:08	1	0	1	0
       32	2019-05-10 09:11:35	1	0	1	0
       28	2019-05-10 09:11:42	1	0	1	0
        8	2019-05-10 09:17:32	1	0	1	0
        7	2019-05-10 09:17:37	1	0	1	0
       19	2019-05-10 09:29:27	1	0	1	0
        6	2019-05-10 09:29:33	1	0	1	0
     1030	2019-05-10 09:33:02	1	0	1	0
       24	2019-05-10 09:35:18	1	0	1	0
       48	2019-05-10 09:38:03	1	0	1	0
     1081	2019-05-10 09:46:26	1	0	1	0
     1033	2019-05-10 09:50:51	1	0	1	0
     1067	2019-05-10 09:56:33	1	0	1	0
       29	2019-05-10 10:08:07	1	0	1	0
        1	2019-05-10 10:12:50	1	0	1	0
       50	2019-05-10 10:47:07	1	1	1	0
       33	2019-05-10 10:58:04	1	1	1	0
     1031	2019-05-10 11:03:17	1	0	1	0
        2	2019-05-10 11:17:30	1	0	1	0
       33	2019-05-10 11:20:43	1	0	1	0
       50	2019-05-10 11:25:50	1	0	1	0
       48	2019-05-10 12:03:56	1	1	1	0
     1033	2019-05-10 12:12:41	1	1	1	0
     1030	2019-05-10 12:23:02	1	1	1	0
       10	2019-05-10 12:23:44	1	0	1	0
       10	2019-05-10 12:23:50	1	1	1	0
     1082	2019-05-10 12:27:57	1	1	1	0
     1083	2019-05-10 12:28:13	1	1	1	0
     1080	2019-05-10 12:34:27	1	1	1	0
       24	2019-05-10 12:38:18	1	1	1	0
     1066	2019-05-10 12:45:22	1	1	1	0
       10	2019-05-10 12:45:29	1	0	1	0
     1067	2019-05-10 12:45:52	1	1	1	0
        8	2019-05-10 12:57:14	1	1	1	0
        7	2019-05-10 12:57:19	1	1	1	0
       19	2019-05-10 13:10:26	1	1	1	0
       24	2019-05-10 13:15:34	1	0	1	0
     1066	2019-05-10 13:43:08	1	0	1	0
     1030	2019-05-10 13:43:20	1	0	1	0
       19	2019-05-10 13:43:26	1	0	1	0
     1083	2019-05-10 13:43:30	1	0	1	0
     1067	2019-05-10 13:43:32	1	0	1	0
     1080	2019-05-10 13:43:36	1	0	1	0
     1082	2019-05-10 13:43:43	1	0	1	0
       44	2019-05-10 13:50:14	1	0	1	0
     1060	2019-05-10 13:55:32	1	0	1	0
        7	2019-05-10 13:57:07	1	0	1	0
        8	2019-05-10 13:57:09	1	0	1	0
       32	2019-05-10 14:04:33	1	1	1	0
       32	2019-05-10 14:04:39	1	0	1	0
       29	2019-05-10 14:07:50	1	1	1	0
     1060	2019-05-10 14:07:51	1	1	1	0
        8	2019-05-10 15:03:01	1	1	1	0
     1060	2019-05-10 15:08:06	1	0	1	0
       19	2019-05-10 16:04:02	1	1	1	0
       19	2019-05-10 16:04:21	1	1	1	0
       48	2019-05-10 16:10:24	1	1	1	0
       33	2019-05-10 16:48:36	1	1	1	0
     1081	2019-05-10 16:52:23	1	1	1	0
       50	2019-05-10 16:56:34	1	1	1	0
     1066	2019-05-10 16:56:51	1	1	1	0
     1067	2019-05-10 16:57:23	1	1	1	0
       10	2019-05-10 16:57:54	1	1	1	0
     1054	2019-05-10 17:00:02	1	0	1	0
     1082	2019-05-10 17:01:24	1	1	1	0
     2051	2019-05-10 17:08:23	1	1	1	0
        7	2019-05-10 17:17:14	1	1	1	0
       47	2019-05-10 17:57:08	1	1	1	0
     1080	2019-05-10 18:02:53	1	1	1	0
     1083	2019-05-10 18:03:19	1	1	1	0
       28	2019-05-10 18:12:11	1	1	1	0
       32	2019-05-10 18:13:00	1	1	1	0
     1031	2019-05-10 18:14:15	1	1	1	0
       24	2019-05-10 18:29:06	1	1	1	0
     1030	2019-05-10 18:33:15	1	1	1	0
       44	2019-05-10 19:18:25	1	1	1	0
        1	2019-05-10 19:22:55	1	1	1	0
       25	2019-05-10 19:23:01	1	1	1	0
       25	2019-05-11 07:56:43	1	0	1	0
       33	2019-05-11 07:58:03	1	0	1	0
     1078	2019-05-11 08:00:25	1	0	1	0
     1081	2019-05-11 08:02:11	1	0	1	0
       19	2019-05-11 08:46:40	1	0	1	0
        7	2019-05-11 08:51:39	1	0	1	0
       32	2019-05-11 09:02:49	1	0	1	0
     1060	2019-05-11 09:07:41	1	0	1	0
       50	2019-05-11 09:13:19	1	0	1	0
       48	2019-05-11 09:16:53	1	0	1	0
     1082	2019-05-11 09:21:03	1	0	1	0
       47	2019-05-11 09:30:47	1	0	1	0
       29	2019-05-11 10:43:33	1	0	1	0
     1067	2019-05-11 11:09:27	1	0	1	0
       27	2019-05-11 11:10:47	1	0	1	0
       19	2019-05-11 11:31:01	1	1	1	0
     1078	2019-05-11 12:19:13	1	1	1	0
     1082	2019-05-11 12:19:56	1	1	1	0
       47	2019-05-11 12:32:13	1	1	1	0
       50	2019-05-11 12:41:16	1	1	1	0
     1081	2019-05-11 13:05:39	1	1	1	0
     1044	2019-05-11 13:15:46	1	0	1	0
        7	2019-05-11 13:16:05	1	1	1	0
       23	2019-05-11 14:24:53	1	1	1	0
       23	2019-05-11 14:25:00	1	0	1	0
     1066	2019-05-11 14:28:22	1	0	1	0
       32	2019-05-11 14:43:15	1	1	1	0
       50	2019-05-11 14:56:22	1	0	1	0
       27	2019-05-11 16:46:02	1	1	1	0
     1044	2019-05-11 17:07:05	1	1	1	0
       50	2019-05-11 17:58:06	1	1	1	0
     1067	2019-05-11 18:02:19	1	1	1	0
       25	2019-05-11 18:11:55	1	1	1	0
       23	2019-05-11 18:12:04	1	1	1	0
     1066	2019-05-11 18:21:11	1	1	1	0
       33	2019-05-11 19:08:58	1	1	1	0
       25	2019-05-13 07:30:07	1	0	1	0
       13	2019-05-13 07:47:04	1	0	1	0
       44	2019-05-13 07:56:25	1	0	1	0
       29	2019-05-13 08:12:37	1	0	1	0
       32	2019-05-13 08:35:15	1	0	1	0
       14	2019-05-13 08:38:16	1	0	1	0
     1080	2019-05-13 08:47:57	1	0	1	0
     1083	2019-05-13 08:48:01	1	0	1	0
       15	2019-05-13 08:57:56	1	0	1	0
       10	2019-05-13 08:58:00	1	0	1	0
       33	2019-05-13 09:00:41	1	0	1	0
       50	2019-05-13 09:06:24	1	0	1	0
     1066	2019-05-13 09:06:28	1	0	1	0
        7	2019-05-13 09:06:32	1	0	1	0
       28	2019-05-13 09:08:19	1	0	1	0
     1082	2019-05-13 09:11:50	1	0	1	0
        8	2019-05-13 09:15:40	1	0	1	0
       27	2019-05-13 09:19:35	1	0	1	0
       41	2019-05-13 09:43:23	1	0	1	0
     1060	2019-05-13 09:43:28	1	0	1	0
       12	2019-05-13 09:55:06	1	0	1	0
     1060	2019-05-13 09:55:59	1	1	1	0
     1033	2019-05-13 10:03:19	1	0	1	0
       47	2019-05-13 10:13:52	1	0	1	0
     2051	2019-05-13 10:15:23	1	0	1	0
       42	2019-05-13 10:17:10	1	0	1	0
        1	2019-05-13 10:32:10	1	0	1	0
        3	2019-05-13 10:45:18	1	0	1	0
        2	2019-05-13 10:45:32	1	0	1	0
     1081	2019-05-13 10:47:05	1	0	1	0
     1030	2019-05-13 10:48:58	1	0	1	0
       10	2019-05-13 11:54:50	1	1	1	0
       44	2019-05-13 12:26:03	1	1	1	0
     1083	2019-05-13 12:32:56	1	1	1	0
     1080	2019-05-13 12:33:04	1	1	1	0
     1082	2019-05-13 12:33:08	1	1	1	0
        7	2019-05-13 12:41:43	1	1	1	0
        8	2019-05-13 12:41:52	1	1	1	0
        1	2019-05-13 12:58:04	1	1	1	0
       14	2019-05-13 13:04:11	1	1	1	0
        2	2019-05-13 13:06:59	1	1	1	0
       13	2019-05-13 13:22:29	1	1	1	0
       25	2019-05-13 13:31:26	1	1	1	0
     1083	2019-05-13 13:44:40	1	0	1	0
     1080	2019-05-13 13:44:47	1	0	1	0
     1082	2019-05-13 13:44:52	1	0	1	0
       20	2019-05-13 13:46:29	1	0	1	0
        7	2019-05-13 13:53:25	1	0	1	0
        8	2019-05-13 13:53:30	1	0	1	0
       32	2019-05-13 13:54:24	1	1	1	0
       44	2019-05-13 13:58:29	1	0	1	0
        1	2019-05-13 13:58:43	1	1	1	0
       28	2019-05-13 14:05:24	1	1	1	0
       42	2019-05-13 14:16:53	1	1	1	0
       25	2019-05-13 14:19:14	1	1	1	0
        1	2019-05-13 14:31:35	1	0	1	0
     1030	2019-05-13 14:41:45	1	1	1	0
       32	2019-05-13 15:02:23	1	0	1	0
       12	2019-05-13 15:37:37	1	1	1	0
       28	2019-05-13 15:45:07	1	0	1	0
       15	2019-05-13 16:31:58	1	0	1	0
     1030	2019-05-13 16:38:12	1	0	1	0
       33	2019-05-13 16:47:12	1	1	1	0
       32	2019-05-13 16:51:17	1	1	1	0
        8	2019-05-13 16:58:20	1	1	1	0
        7	2019-05-13 16:58:29	1	1	1	0
       41	2019-05-13 17:00:25	1	1	1	0
     1081	2019-05-13 17:03:09	1	1	1	0
       32	2019-05-13 17:05:43	1	0	1	0
     1066	2019-05-13 17:06:54	1	1	1	0
     1033	2019-05-13 17:15:10	1	1	1	0
       20	2019-05-13 17:15:22	1	1	1	0
       32	2019-05-13 17:16:34	1	1	1	0
     1030	2019-05-13 17:23:56	1	1	1	0
     1080	2019-05-13 17:24:05	1	1	1	0
     1067	2019-05-13 17:34:33	1	1	1	0
     1083	2019-05-13 17:43:11	1	1	1	0
     1083	2019-05-13 17:43:13	1	1	1	0
       29	2019-05-13 17:53:45	1	1	1	0
       25	2019-05-13 18:56:47	1	1	1	0
       44	2019-05-13 19:00:10	1	1	1	0
       28	2019-05-13 19:03:21	1	1	1	0
       27	2019-05-13 19:06:51	1	1	1	0
     2051	2019-05-13 19:42:04	1	1	1	0
       50	2019-05-13 19:56:33	1	1	1	0
        3	2019-05-13 19:58:04	1	1	1	0
        1	2019-05-13 19:58:16	1	1	1	0
       13	2019-05-14 07:50:52	1	0	1	0
       25	2019-05-14 08:00:49	1	0	1	0
       44	2019-05-14 08:09:30	1	0	1	0
       14	2019-05-14 08:12:25	1	0	1	0
       33	2019-05-14 08:12:36	1	0	1	0
       32	2019-05-14 08:17:00	1	0	1	0
       24	2019-05-14 08:20:42	1	0	1	0
       10	2019-05-14 08:28:56	1	0	1	0
       24	2019-05-14 08:32:32	1	1	1	0
       24	2019-05-14 08:32:37	1	0	1	0
     1082	2019-05-14 08:35:14	1	0	1	0
     1083	2019-05-14 08:35:18	1	0	1	0
     1080	2019-05-14 08:35:23	1	0	1	0
     1067	2019-05-14 08:43:53	1	0	1	0
       50	2019-05-14 08:43:59	1	0	1	0
       27	2019-05-14 08:45:52	1	0	1	0
     1081	2019-05-14 09:01:56	1	0	1	0
       15	2019-05-14 09:04:56	1	0	1	0
     1030	2019-05-14 09:07:01	1	0	1	0
        1	2019-05-14 09:10:12	1	0	1	0
        6	2019-05-14 09:12:43	1	0	1	0
       47	2019-05-14 09:15:00	1	0	1	0
       19	2019-05-14 09:15:36	1	0	1	0
        5	2019-05-14 09:23:55	1	0	1	0
       42	2019-05-14 09:28:57	1	0	1	0
     1066	2019-05-14 09:29:24	1	0	1	0
       12	2019-05-14 09:36:48	1	0	1	0
     2057	2019-05-14 10:37:27	1	0	1	0
       29	2019-05-14 10:44:15	1	0	1	0
        3	2019-05-14 10:49:06	1	0	1	0
     2051	2019-05-14 11:12:09	1	0	1	0
       41	2019-05-14 11:21:42	1	0	1	0
     1060	2019-05-14 11:39:26	1	0	1	0
     1078	2019-05-14 11:47:23	1	0	1	0
     1033	2019-05-14 11:47:32	1	0	1	0
       19	2019-05-14 11:57:35	1	1	1	0
       33	2019-05-14 11:58:01	1	1	1	0
        8	2019-05-14 12:07:24	1	1	1	0
       10	2019-05-14 12:10:16	1	1	1	0
     2057	2019-05-14 12:15:01	1	1	1	0
       44	2019-05-14 12:17:47	1	1	1	0
     1030	2019-05-14 12:20:46	1	1	1	0
       33	2019-05-14 12:23:14	1	0	1	0
        1	2019-05-14 12:30:21	1	1	1	0
     1060	2019-05-14 12:30:26	1	1	1	0
     1080	2019-05-14 12:32:31	1	1	1	0
     1083	2019-05-14 12:32:34	1	1	1	0
     1082	2019-05-14 12:32:41	1	1	1	0
     1066	2019-05-14 12:36:46	1	1	1	0
     1067	2019-05-14 12:36:50	1	1	1	0
       10	2019-05-14 12:52:32	1	0	1	0
     1060	2019-05-14 13:13:12	1	0	1	0
        1	2019-05-14 13:13:17	1	0	1	0
        8	2019-05-14 13:48:53	1	1	1	0
     1030	2019-05-14 13:53:32	1	0	1	0
     1082	2019-05-14 13:53:36	1	0	1	0
       44	2019-05-14 14:02:22	1	0	1	0
     1083	2019-05-14 14:03:51	1	0	1	0
     1080	2019-05-14 14:03:57	1	0	1	0
       24	2019-05-14 14:09:44	1	1	1	0
       24	2019-05-14 14:09:49	1	0	1	0
       14	2019-05-14 14:11:09	1	1	1	0
       12	2019-05-14 14:11:18	1	1	1	0
     1078	2019-05-14 14:58:13	1	1	1	0
     1054	2019-05-14 15:09:59	1	0	1	0
     1066	2019-05-14 15:36:46	1	0	1	0
     2051	2019-05-14 16:05:08	1	1	1	0
       29	2019-05-14 16:05:15	1	1	1	0
       29	2019-05-14 16:05:27	1	0	1	0
       32	2019-05-14 16:06:26	1	1	1	0
       24	2019-05-14 16:12:02	1	1	1	0
     1030	2019-05-14 16:16:05	1	1	1	0
       13	2019-05-14 16:36:59	1	1	1	0
     1081	2019-05-14 16:43:49	1	1	1	0
       32	2019-05-14 16:44:50	1	0	1	0
     2051	2019-05-14 16:44:51	1	0	1	0
       10	2019-05-14 16:50:38	1	1	1	0
       32	2019-05-14 16:53:02	1	1	1	0
     1030	2019-05-14 16:59:55	1	0	1	0
       24	2019-05-14 17:04:33	1	0	1	0
     1066	2019-05-14 17:05:22	1	1	1	0
     1060	2019-05-14 17:16:10	1	1	1	0
     1083	2019-05-14 17:26:29	1	1	1	0
     1030	2019-05-14 17:28:46	1	1	1	0
     1080	2019-05-14 17:29:00	1	1	1	0
       50	2019-05-14 17:52:57	1	1	1	0
        6	2019-05-14 18:12:43	1	1	1	0
        1	2019-05-14 18:15:50	1	1	1	0
       29	2019-05-14 18:15:56	1	1	1	0
     1054	2019-05-14 18:17:31	1	1	1	0
       15	2019-05-14 18:19:15	1	1	1	0
     2051	2019-05-14 18:20:12	1	1	1	0
       27	2019-05-14 18:20:19	1	1	1	0
       47	2019-05-14 18:20:25	1	1	1	0
        5	2019-05-14 18:25:11	1	1	1	0
       33	2019-05-14 18:26:30	1	1	1	0
       41	2019-05-14 18:36:37	1	1	1	0
     1033	2019-05-14 18:36:42	1	1	1	0
       24	2019-05-14 18:45:48	1	1	1	0
        3	2019-05-14 19:01:11	1	1	1	0
     1082	2019-05-15 08:50:16	1	0	1	0
     1067	2019-05-15 08:50:32	1	0	1	0
        7	2019-05-15 08:50:37	1	0	1	0
     1080	2019-05-15 08:50:40	1	0	1	0
       14	2019-05-15 08:51:22	1	0	1	0
        5	2019-05-15 08:51:27	1	0	1	0
     1081	2019-05-15 08:52:08	1	0	1	0
       12	2019-05-15 08:52:26	1	0	1	0
     1083	2019-05-15 08:53:04	1	0	1	0
       25	2019-05-15 08:53:19	1	0	1	0
       19	2019-05-15 08:56:35	1	0	1	0
        6	2019-05-15 08:59:32	1	0	1	0
       50	2019-05-15 08:59:38	1	0	1	0
       24	2019-05-15 09:05:05	1	0	1	0
     1066	2019-05-15 09:05:38	1	0	1	0
       24	2019-05-15 09:14:16	1	1	1	0
       32	2019-05-15 09:18:05	1	0	1	0
     2051	2019-05-15 09:19:19	1	0	1	0
        8	2019-05-15 09:22:18	1	0	1	0
     1030	2019-05-15 09:22:53	1	0	1	0
       29	2019-05-15 09:25:24	1	0	1	0
       27	2019-05-15 09:26:41	1	0	1	0
       42	2019-05-15 09:26:50	1	0	1	0
       41	2019-05-15 10:04:09	1	0	1	0
       24	2019-05-15 10:06:04	1	0	1	0
        3	2019-05-15 10:07:39	1	0	1	0
       15	2019-05-15 10:26:41	1	0	1	0
     1066	2019-05-15 10:33:35	1	1	1	0
       10	2019-05-15 10:34:14	1	0	1	0
       47	2019-05-15 10:45:16	1	0	1	0
       41	2019-05-15 10:47:41	1	1	1	0
       41	2019-05-15 11:09:37	1	0	1	0
       50	2019-05-15 11:10:07	1	1	1	0
     1078	2019-05-15 11:26:46	1	0	1	0
       44	2019-05-15 11:38:53	1	1	1	0
        6	2019-05-15 11:39:42	1	1	1	0
       20	2019-05-15 11:46:15	1	0	1	0
     1033	2019-05-15 12:10:10	1	0	1	0
        6	2019-05-15 12:19:19	1	0	1	0
     1080	2019-05-15 12:22:05	1	1	1	0
     1030	2019-05-15 12:22:11	1	1	1	0
     1082	2019-05-15 12:22:21	1	1	1	0
       10	2019-05-15 12:27:32	1	1	1	0
       19	2019-05-15 12:27:38	1	1	1	0
        8	2019-05-15 12:37:16	1	1	1	0
       10	2019-05-15 12:48:56	1	0	1	0
       19	2019-05-15 12:55:36	1	0	1	0
     1083	2019-05-15 13:00:50	1	1	1	0
     1031	2019-05-15 13:12:32	1	0	1	0
       44	2019-05-15 13:15:00	1	0	1	0
     1066	2019-05-15 13:30:45	1	0	1	0
     1066	2019-05-15 13:30:51	1	0	1	0
       50	2019-05-15 13:32:31	1	0	1	0
       42	2019-05-15 13:33:11	1	1	1	0
     1082	2019-05-15 13:40:53	1	0	1	0
     1030	2019-05-15 13:41:04	1	0	1	0
     1080	2019-05-15 13:41:08	1	0	1	0
       33	2019-05-15 13:48:53	1	1	1	0
        8	2019-05-15 13:49:22	1	0	1	0
     1083	2019-05-15 13:53:47	1	0	1	0
       33	2019-05-15 13:53:54	1	0	1	0
       32	2019-05-15 13:54:21	1	1	1	0
     1067	2019-05-15 14:14:31	1	1	1	0
     1066	2019-05-15 14:22:52	1	1	1	0
        3	2019-05-15 14:26:27	1	1	1	0
       19	2019-05-15 14:29:01	1	1	1	0
       32	2019-05-15 14:34:40	1	0	1	0
       42	2019-05-15 14:40:20	1	0	1	0
       44	2019-05-15 14:44:54	1	1	1	0
       12	2019-05-15 14:56:18	1	1	1	0
       14	2019-05-15 15:02:49	1	1	1	0
       41	2019-05-15 15:11:33	1	1	1	0
     1033	2019-05-15 15:11:38	1	1	1	0
        3	2019-05-15 15:20:22	1	0	1	0
       20	2019-05-15 15:50:05	1	1	1	0
       10	2019-05-15 15:56:41	1	1	1	0
       41	2019-05-15 16:09:19	1	0	1	0
     1033	2019-05-15 16:09:23	1	0	1	0
        7	2019-05-15 16:12:12	1	1	1	0
       25	2019-05-15 16:14:24	1	1	1	0
        1	2019-05-15 16:55:26	1	1	1	0
        1	2019-05-15 16:55:33	1	0	1	0
     2051	2019-05-15 16:58:50	1	1	1	0
       41	2019-05-15 17:13:10	1	1	1	0
     1030	2019-05-15 17:14:27	1	1	1	0
     1080	2019-05-15 17:21:35	1	1	1	0
     1082	2019-05-15 17:22:16	1	1	1	0
       24	2019-05-15 17:23:46	1	1	1	0
        8	2019-05-15 17:26:08	1	1	1	0
       50	2019-05-15 17:30:55	1	1	1	0
       32	2019-05-15 17:41:35	1	1	1	0
       47	2019-05-15 17:51:29	1	1	1	0
       33	2019-05-15 17:51:40	1	1	1	0
     1078	2019-05-15 18:14:59	1	1	1	0
     1083	2019-05-15 18:27:19	1	1	1	0
        3	2019-05-15 18:42:57	1	1	1	0
       29	2019-05-15 18:49:29	1	1	1	0
       27	2019-05-15 19:00:51	1	1	1	0
        1	2019-05-15 19:37:05	1	1	1	0
       25	2019-05-16 07:24:30	1	0	1	0
       13	2019-05-16 07:51:48	1	0	1	0
       21	2019-05-16 07:56:40	1	0	1	0
       12	2019-05-16 08:02:02	1	0	1	0
       10	2019-05-16 08:27:28	1	0	1	0
     1083	2019-05-16 08:28:50	1	0	1	0
       14	2019-05-16 08:37:46	1	0	1	0
       44	2019-05-16 08:43:02	1	0	1	0
        7	2019-05-16 08:44:34	1	0	1	0
       32	2019-05-16 08:49:17	1	0	1	0
     1067	2019-05-16 08:50:30	1	0	1	0
       19	2019-05-16 08:58:41	1	0	1	0
     1060	2019-05-16 08:58:45	1	0	1	0
       50	2019-05-16 09:06:33	1	0	1	0
       24	2019-05-16 09:06:43	1	0	1	0
       33	2019-05-16 09:09:08	1	0	1	0
     1030	2019-05-16 09:13:57	1	0	1	0
     1066	2019-05-16 09:15:53	1	0	1	0
        8	2019-05-16 09:20:39	1	0	1	0
     1078	2019-05-16 09:21:52	1	0	1	0
        5	2019-05-16 09:33:01	1	0	1	0
     1033	2019-05-16 09:35:25	1	0	1	0
        6	2019-05-16 09:35:29	1	0	1	0
        3	2019-05-16 09:35:34	1	0	1	0
     1081	2019-05-16 09:35:39	1	0	1	0
     1082	2019-05-16 09:57:39	1	0	1	0
     2051	2019-05-16 10:06:41	1	0	1	0
       41	2019-05-16 10:09:52	1	0	1	0
       29	2019-05-16 10:19:01	1	0	1	0
       24	2019-05-16 10:31:57	1	1	1	0
        1	2019-05-16 10:50:00	1	0	1	0
       44	2019-05-16 11:33:41	1	1	1	0
       24	2019-05-16 11:38:00	1	0	1	0
     1067	2019-05-16 11:42:04	1	1	1	0
        3	2019-05-16 11:46:05	1	1	1	0
       47	2019-05-16 11:49:25	1	0	1	0
       10	2019-05-16 11:58:57	1	1	1	0
       50	2019-05-16 12:01:50	1	1	1	0
     1030	2019-05-16 12:17:17	1	1	1	0
       44	2019-05-16 12:19:18	1	0	1	0
       50	2019-05-16 12:23:11	1	0	1	0
     2057	2019-05-16 12:53:34	1	0	1	0
     1033	2019-05-16 13:05:13	1	1	1	0
     1066	2019-05-16 13:06:58	1	1	1	0
        8	2019-05-16 13:07:22	1	1	1	0
        7	2019-05-16 13:07:31	1	1	1	0
     1078	2019-05-16 13:08:50	1	1	1	0
       41	2019-05-16 13:10:30	1	1	1	0
        3	2019-05-16 13:32:53	1	0	1	0
       33	2019-05-16 13:34:45	1	1	1	0
        7	2019-05-16 13:35:04	1	0	1	0
        8	2019-05-16 13:35:09	1	0	1	0
        1	2019-05-16 13:46:45	1	1	1	0
        1	2019-05-16 13:46:51	1	0	1	0
       33	2019-05-16 13:58:07	1	0	1	0
     1081	2019-05-16 14:43:36	1	1	1	0
       32	2019-05-16 14:48:15	1	1	1	0
       41	2019-05-16 14:55:32	1	0	1	0
       42	2019-05-16 15:08:39	1	0	1	0
       32	2019-05-16 15:18:53	1	0	1	0
       12	2019-05-16 16:03:15	1	1	1	0
       24	2019-05-16 16:35:29	1	1	1	0
     2057	2019-05-16 16:36:10	1	1	1	0
     1045	2019-05-16 16:49:36	1	0	1	0
       42	2019-05-16 16:56:30	1	1	1	0
       25	2019-05-16 17:01:55	1	1	1	0
        8	2019-05-16 17:23:31	1	1	1	0
       41	2019-05-16 17:23:37	1	1	1	0
        7	2019-05-16 17:23:42	1	1	1	0
        3	2019-05-16 17:25:58	1	1	1	0
       14	2019-05-16 17:30:46	1	1	1	0
       29	2019-05-16 17:32:14	1	1	1	0
       29	2019-05-16 17:32:19	1	0	1	0
     2051	2019-05-16 17:32:27	1	1	1	0
     2051	2019-05-16 17:32:34	1	0	1	0
       32	2019-05-16 17:40:14	1	1	1	0
       33	2019-05-16 17:51:15	1	1	1	0
     1060	2019-05-16 17:57:25	1	1	1	0
       47	2019-05-16 17:57:37	1	1	1	0
       44	2019-05-16 17:58:14	1	1	1	0
       21	2019-05-16 18:00:11	1	1	1	0
       13	2019-05-16 18:22:57	1	1	1	0
        5	2019-05-16 18:54:19	1	1	1	0
        6	2019-05-16 18:54:27	1	1	1	0
     2051	2019-05-16 18:58:33	1	1	1	0
       27	2019-05-16 18:58:42	1	1	1	0
       29	2019-05-16 18:59:16	1	1	1	0
        1	2019-05-16 19:36:26	1	1	1	0
       25	2019-05-17 07:42:36	1	0	1	0
     1033	2019-05-17 08:12:53	1	0	1	0
     1060	2019-05-17 08:12:56	1	0	1	0
     1060	2019-05-17 08:12:58	1	0	1	0
       33	2019-05-17 08:22:55	1	0	1	0
       27	2019-05-17 08:23:19	1	0	1	0
       32	2019-05-17 08:25:22	1	0	1	0
       10	2019-05-17 08:33:42	1	0	1	0
       44	2019-05-17 08:40:27	1	0	1	0
     1030	2019-05-17 08:42:32	1	0	1	0
       19	2019-05-17 08:45:24	1	0	1	0
     2051	2019-05-17 08:56:14	1	0	1	0
        7	2019-05-17 08:56:19	1	0	1	0
       24	2019-05-17 08:59:57	1	0	1	0
     1066	2019-05-17 09:03:47	1	0	1	0
        5	2019-05-17 09:03:54	1	0	1	0
     1078	2019-05-17 09:23:59	1	0	1	0
        6	2019-05-17 09:31:47	1	0	1	0
       47	2019-05-17 09:46:15	1	0	1	0
       29	2019-05-17 09:51:44	1	0	1	0
        3	2019-05-17 09:56:50	1	0	1	0
        1	2019-05-17 10:36:02	1	0	1	0
        8	2019-05-17 10:44:52	1	0	1	0
       19	2019-05-17 12:13:47	1	1	1	0
     1030	2019-05-17 12:25:20	1	1	1	0
       42	2019-05-17 12:37:01	1	0	1	0
     1066	2019-05-17 12:40:49	1	1	1	0
       19	2019-05-17 12:45:33	1	0	1	0
     1033	2019-05-17 13:02:33	1	1	1	0
        7	2019-05-17 13:11:44	1	1	1	0
        6	2019-05-17 13:14:32	1	1	1	0
        5	2019-05-17 13:14:42	1	1	1	0
     1030	2019-05-17 13:15:12	1	0	1	0
       21	2019-05-17 13:21:01	1	0	1	0
        7	2019-05-17 13:39:55	1	0	1	0
       29	2019-05-17 13:52:32	1	1	1	0
     2051	2019-05-17 13:52:38	1	1	1	0
       24	2019-05-17 13:56:28	1	1	1	0
       24	2019-05-17 13:56:33	1	0	1	0
        5	2019-05-17 13:57:51	1	0	1	0
        6	2019-05-17 13:57:56	1	0	1	0
        3	2019-05-17 14:01:47	1	1	1	0
     1030	2019-05-17 14:02:30	1	1	1	0
       25	2019-05-17 14:09:32	1	1	1	0
     2051	2019-05-17 14:11:31	1	0	1	0
       29	2019-05-17 14:11:35	1	0	1	0
     1045	2019-05-17 14:27:16	1	0	1	0
       44	2019-05-17 14:29:02	1	0	1	0
        6	2019-05-17 14:41:32	1	1	1	0
        5	2019-05-17 14:43:23	1	1	1	0
       19	2019-05-17 14:51:43	1	1	1	0
     1060	2019-05-17 15:45:07	1	1	1	0
        3	2019-05-17 16:10:27	1	0	1	0
       33	2019-05-17 16:33:43	1	1	1	0
       10	2019-05-17 16:56:21	1	1	1	0
       42	2019-05-17 17:14:41	1	1	1	0
        8	2019-05-17 17:23:03	1	1	1	0
        7	2019-05-17 17:24:27	1	1	1	0
       32	2019-05-17 17:26:33	1	1	1	0
     2051	2019-05-17 17:35:59	1	1	1	0
       47	2019-05-17 17:59:24	1	1	1	0
       29	2019-05-17 18:14:22	1	1	1	0
       27	2019-05-17 18:14:42	1	1	1	0
       24	2019-05-17 19:01:57	1	1	1	0
       21	2019-05-17 19:10:01	1	1	1	0
     1045	2019-05-17 19:47:14	1	1	1	0
        3	2019-05-17 19:49:44	1	1	1	0
       44	2019-05-17 19:52:42	1	1	1	0
        1	2019-05-17 19:57:25	1	1	1	0
       12	2019-05-18 07:59:49	1	0	1	0
       33	2019-05-18 08:15:09	1	0	1	0
       10	2019-05-18 08:30:46	1	0	1	0
     1066	2019-05-18 08:30:50	1	0	1	0
       32	2019-05-18 08:30:56	1	0	1	0
       44	2019-05-18 08:34:52	1	0	1	0
       25	2019-05-18 08:39:03	1	0	1	0
       47	2019-05-18 08:46:07	1	0	1	0
       19	2019-05-18 08:49:02	1	1	1	0
       27	2019-05-18 09:05:04	1	0	1	0
        8	2019-05-18 09:30:57	1	0	1	0
       29	2019-05-18 10:26:27	1	0	1	0
     1066	2019-05-18 10:39:23	1	1	1	0
       19	2019-05-18 11:40:33	1	1	1	0
       12	2019-05-18 11:46:55	1	1	1	0
       10	2019-05-18 11:47:01	1	1	1	0
       44	2019-05-18 11:58:18	1	1	1	0
        8	2019-05-18 13:13:52	1	1	1	0
     1031	2019-05-18 14:07:46	1	0	1	0
       32	2019-05-18 14:34:39	1	1	1	0
       32	2019-05-18 14:34:47	1	0	1	0
       42	2019-05-18 15:14:09	1	0	1	0
     1045	2019-05-18 16:05:34	1	0	1	0
       33	2019-05-18 16:24:40	1	1	1	0
       32	2019-05-18 17:13:26	1	1	1	0
     1031	2019-05-18 17:36:37	1	1	1	0
       27	2019-05-18 18:25:57	1	1	1	0
       29	2019-05-18 19:05:16	1	1	1	0
       44	2019-05-20 08:44:24	1	0	1	0
       13	2019-05-20 08:46:38	1	0	1	0
       13	2019-05-20 08:46:39	1	0	1	0
       32	2019-05-20 08:58:57	1	0	1	0
       24	2019-05-20 09:01:05	1	0	1	0
       10	2019-05-20 09:01:10	1	0	1	0
        3	2019-05-20 09:13:28	1	0	1	0
       33	2019-05-20 09:13:31	1	0	1	0
        7	2019-05-20 09:13:35	1	0	1	0
       25	2019-05-20 09:17:27	1	0	1	0
       27	2019-05-20 09:34:48	1	0	1	0
        8	2019-05-20 09:48:20	1	0	1	0
     1066	2019-05-20 09:52:56	1	0	1	0
        5	2019-05-20 09:54:31	1	0	1	0
       41	2019-05-20 10:03:06	1	0	1	0
       28	2019-05-20 10:06:03	1	0	1	0
       19	2019-05-20 10:06:10	1	0	1	0
     2051	2019-05-20 10:11:12	1	0	1	0
        1	2019-05-20 10:17:20	1	0	1	0
       29	2019-05-20 10:27:13	1	0	1	0
       47	2019-05-20 10:39:17	1	0	1	0
     1033	2019-05-20 10:48:57	1	0	1	0
       14	2019-05-20 11:21:59	1	0	1	0
       10	2019-05-20 11:59:55	1	1	1	0
       24	2019-05-20 12:18:54	1	1	1	0
       32	2019-05-20 12:31:42	1	1	1	0
       32	2019-05-20 13:43:57	1	0	1	0
       24	2019-05-20 13:48:19	1	0	1	0
       20	2019-05-20 13:56:13	1	0	1	0
       28	2019-05-20 14:06:42	1	1	1	0
       33	2019-05-20 14:07:12	1	1	1	0
        3	2019-05-20 14:16:49	1	1	1	0
        1	2019-05-20 14:18:28	1	1	1	0
        1	2019-05-20 14:18:33	1	0	1	0
       44	2019-05-20 14:20:23	1	0	1	0
       42	2019-05-20 14:28:34	1	0	1	0
     1066	2019-05-20 14:29:04	1	1	1	0
       33	2019-05-20 14:34:33	1	0	1	0
       28	2019-05-20 14:34:41	1	0	1	0
       50	2019-05-20 15:25:22	1	0	1	0
       50	2019-05-20 15:25:23	1	0	1	0
       14	2019-05-20 15:25:34	1	1	1	0
       19	2019-05-20 15:40:04	1	1	1	0
       29	2019-05-20 16:11:17	1	1	1	0
     2051	2019-05-20 16:11:28	1	1	1	0
       29	2019-05-20 16:11:36	1	0	1	0
       13	2019-05-20 16:39:29	1	1	1	0
        3	2019-05-20 16:39:39	1	0	1	0
     2051	2019-05-20 17:06:53	1	0	1	0
       41	2019-05-20 17:08:17	1	1	1	0
       28	2019-05-20 17:08:29	1	1	1	0
        8	2019-05-20 17:21:46	1	1	1	0
        7	2019-05-20 17:21:59	1	1	1	0
     2051	2019-05-20 17:22:22	1	1	1	0
       50	2019-05-20 17:26:41	1	1	1	0
       32	2019-05-20 17:28:52	1	1	1	0
       42	2019-05-20 17:45:24	1	1	1	0
        5	2019-05-20 17:54:57	1	1	1	0
       25	2019-05-20 17:57:40	1	1	1	0
       33	2019-05-20 18:14:16	1	1	1	0
       24	2019-05-20 18:15:53	1	1	1	0
       44	2019-05-20 18:18:55	1	1	1	0
       47	2019-05-20 18:23:21	1	1	1	0
       20	2019-05-20 18:29:44	1	1	1	0
        1	2019-05-20 19:31:44	1	1	1	0
       29	2019-05-20 19:32:12	1	1	1	0
        3	2019-05-20 19:43:12	1	1	1	0
        3	2019-05-20 19:45:19	1	1	1	0
       33	2019-05-21 07:26:03	1	0	1	0
       27	2019-05-21 07:40:59	1	0	1	0
       19	2019-05-21 08:06:36	1	0	1	0
       25	2019-05-21 08:17:24	1	0	1	0
     1082	2019-05-21 08:17:35	1	0	1	0
       32	2019-05-21 08:19:31	1	0	1	0
     1060	2019-05-21 08:24:31	1	0	1	0
        5	2019-05-21 08:29:08	1	0	1	0
        3	2019-05-21 08:30:03	1	0	1	0
       29	2019-05-21 08:34:54	1	0	1	0
       10	2019-05-21 08:35:56	1	0	1	0
       12	2019-05-21 08:40:29	1	0	1	0
       15	2019-05-21 08:45:09	1	0	1	0
       44	2019-05-21 08:45:18	1	0	1	0
        7	2019-05-21 08:57:19	1	0	1	0
       14	2019-05-21 09:00:17	1	0	1	0
       50	2019-05-21 09:06:39	1	0	1	0
     1066	2019-05-21 09:11:45	1	0	1	0
     1030	2019-05-21 09:20:38	1	0	1	0
     1080	2019-05-21 09:22:31	1	0	1	0
        6	2019-05-21 09:28:13	1	0	1	0
     2051	2019-05-21 09:33:56	1	0	1	0
     1067	2019-05-21 09:42:28	1	0	1	0
     1033	2019-05-21 09:47:56	1	0	1	0
       41	2019-05-21 09:56:58	1	0	1	0
       24	2019-05-21 10:15:47	1	0	1	0
       47	2019-05-21 10:43:29	1	0	1	0
     1083	2019-05-21 10:43:32	1	0	1	0
     1081	2019-05-21 10:47:44	1	0	1	0
       28	2019-05-21 11:04:25	1	0	1	0
       26	2019-05-21 11:17:36	1	0	1	0
     1078	2019-05-21 11:25:24	1	0	1	0
        1	2019-05-21 11:45:52	1	0	1	0
       10	2019-05-21 12:02:06	1	1	1	0
       42	2019-05-21 12:02:40	1	0	1	0
       19	2019-05-21 12:03:15	1	1	1	0
       41	2019-05-21 12:19:54	1	1	1	0
       24	2019-05-21 12:24:12	1	1	1	0
       24	2019-05-21 12:24:17	1	0	1	0
        5	2019-05-21 12:25:22	1	1	1	0
        6	2019-05-21 12:25:28	1	1	1	0
        7	2019-05-21 12:26:30	1	1	1	0
       10	2019-05-21 12:31:31	1	0	1	0
       13	2019-05-21 12:33:46	1	0	1	0
       19	2019-05-21 12:41:59	1	0	1	0
       29	2019-05-21 12:49:02	1	1	1	0
       41	2019-05-21 12:49:09	1	0	1	0
        5	2019-05-21 13:00:37	1	0	1	0
        6	2019-05-21 13:02:03	1	0	1	0
     1080	2019-05-21 13:03:09	1	1	1	0
     1083	2019-05-21 13:03:11	1	1	1	0
     1082	2019-05-21 13:03:18	1	1	1	0
     2057	2019-05-21 13:05:15	1	0	1	0
        7	2019-05-21 13:28:28	1	0	1	0
       41	2019-05-21 13:35:22	1	1	1	0
       29	2019-05-21 13:42:17	1	0	1	0
       28	2019-05-21 13:46:47	1	1	1	0
     1033	2019-05-21 13:47:00	1	1	1	0
        3	2019-05-21 13:51:09	1	1	1	0
       41	2019-05-21 13:54:12	1	0	1	0
     1082	2019-05-21 14:08:36	1	0	1	0
     1080	2019-05-21 14:08:41	1	0	1	0
     1083	2019-05-21 14:08:45	1	0	1	0
        3	2019-05-21 14:45:49	1	0	1	0
     1033	2019-05-21 15:10:03	1	0	1	0
       28	2019-05-21 15:10:08	1	0	1	0
        1	2019-05-21 15:29:59	1	1	1	0
       19	2019-05-21 15:42:21	1	1	1	0
        1	2019-05-21 16:03:57	1	1	1	0
        1	2019-05-21 16:04:02	1	0	1	0
       41	2019-05-21 16:08:03	1	1	1	0
       44	2019-05-21 16:12:09	1	1	1	0
       10	2019-05-21 16:18:36	1	1	1	0
       41	2019-05-21 16:29:39	1	0	1	0
       33	2019-05-21 16:38:25	1	1	1	0
       41	2019-05-21 16:38:59	1	1	1	0
     1033	2019-05-21 16:41:50	1	1	1	0
     1066	2019-05-21 16:41:56	1	1	1	0
       12	2019-05-21 16:54:13	1	1	1	0
     1060	2019-05-21 16:54:18	1	1	1	0
       14	2019-05-21 16:54:23	1	1	1	0
     1081	2019-05-21 17:05:35	1	1	1	0
     1082	2019-05-21 17:05:40	1	1	1	0
     1083	2019-05-21 17:13:32	1	1	1	0
       15	2019-05-21 17:15:33	1	1	1	0
       32	2019-05-21 17:16:38	1	1	1	0
     1080	2019-05-21 17:16:50	1	1	1	0
     1030	2019-05-21 17:26:58	1	1	1	0
        3	2019-05-21 17:38:47	1	1	1	0
     1030	2019-05-21 17:49:45	1	0	1	0
     1030	2019-05-21 17:59:34	1	1	1	0
       13	2019-05-21 18:04:43	1	1	1	0
        6	2019-05-21 18:06:08	1	1	1	0
       50	2019-05-21 18:17:56	1	1	1	0
     1067	2019-05-21 18:25:32	1	1	1	0
       29	2019-05-21 18:28:33	1	1	1	0
        5	2019-05-21 18:28:37	1	1	1	0
     2051	2019-05-21 18:30:23	1	1	1	0
     1078	2019-05-21 18:41:02	1	1	1	0
       42	2019-05-21 18:56:29	1	1	1	0
        1	2019-05-21 19:20:18	1	1	1	0
       28	2019-05-21 19:36:17	1	1	1	0
     1081	2019-05-22 08:00:03	1	0	1	0
       33	2019-05-22 08:15:08	1	0	1	0
       13	2019-05-22 08:30:02	1	0	1	0
       25	2019-05-22 08:34:20	1	0	1	0
       32	2019-05-22 08:34:24	1	0	1	0
       27	2019-05-22 08:35:31	1	0	1	0
        7	2019-05-22 08:39:45	1	0	1	0
       10	2019-05-22 08:41:52	1	0	1	0
       12	2019-05-22 08:41:56	1	0	1	0
     1083	2019-05-22 08:45:42	1	0	1	0
       44	2019-05-22 08:45:50	1	0	1	0
       50	2019-05-22 08:48:59	1	0	1	0
        8	2019-05-22 08:57:17	1	0	1	0
       19	2019-05-22 08:57:26	1	0	1	0
     1030	2019-05-22 09:08:07	1	0	1	0
       41	2019-05-22 09:15:08	1	0	1	0
     1082	2019-05-22 09:17:40	1	0	1	0
     1080	2019-05-22 09:18:52	1	0	1	0
       41	2019-05-22 09:19:33	1	0	1	0
     1033	2019-05-22 09:19:39	1	0	1	0
     2051	2019-05-22 09:19:42	1	0	1	0
     1033	2019-05-22 09:21:02	1	1	1	0
        5	2019-05-22 09:21:32	1	0	1	0
     1066	2019-05-22 09:21:37	1	0	1	0
       15	2019-05-22 09:31:29	1	0	1	0
       24	2019-05-22 09:38:08	1	0	1	0
        3	2019-05-22 09:50:10	1	0	1	0
        6	2019-05-22 09:51:37	1	0	1	0
       33	2019-05-22 10:00:58	1	1	1	0
       33	2019-05-22 10:11:16	1	0	1	0
       47	2019-05-22 10:11:18	1	0	1	0
       26	2019-05-22 10:11:21	1	0	1	0
       29	2019-05-22 10:16:27	1	0	1	0
        1	2019-05-22 10:20:31	1	0	1	0
     1067	2019-05-22 10:33:08	1	0	1	0
       50	2019-05-22 10:49:15	1	1	1	0
       50	2019-05-22 11:03:40	1	0	1	0
       28	2019-05-22 11:17:22	1	0	1	0
     1078	2019-05-22 13:08:57	1	0	1	0
     1033	2019-05-22 13:09:03	1	0	1	0
       19	2019-05-22 13:09:17	1	0	1	0
       42	2019-05-22 13:15:47	1	0	1	0
       42	2019-05-22 13:15:48	1	0	1	0
     1033	2019-05-22 13:19:09	1	1	1	0
       24	2019-05-22 13:20:55	1	1	1	0
       24	2019-05-22 13:21:00	1	0	1	0
       12	2019-05-22 13:32:31	1	1	1	0
       28	2019-05-22 13:57:42	1	1	1	0
     2051	2019-05-22 13:57:48	1	1	1	0
       29	2019-05-22 13:58:01	1	1	1	0
       29	2019-05-22 13:58:07	1	0	1	0
     1082	2019-05-22 13:58:50	1	0	1	0
       41	2019-05-22 14:02:31	1	1	1	0
     1030	2019-05-22 14:36:02	1	1	1	0
     1033	2019-05-22 14:50:47	1	0	1	0
       41	2019-05-22 14:50:57	1	1	1	0
       41	2019-05-22 14:51:04	1	0	1	0
     2051	2019-05-22 14:52:42	1	0	1	0
        5	2019-05-22 14:59:41	1	1	1	0
       19	2019-05-22 15:24:02	1	1	1	0
       19	2019-05-22 15:25:04	1	0	1	0
     1045	2019-05-22 15:51:19	1	0	1	0
       28	2019-05-22 16:04:28	1	0	1	0
       19	2019-05-22 16:09:35	1	1	1	0
        7	2019-05-22 16:14:48	1	1	1	0
     1066	2019-05-22 16:18:12	1	1	1	0
     1067	2019-05-22 16:18:20	1	1	1	0
     1081	2019-05-22 16:26:02	1	1	1	0
       47	2019-05-22 16:36:54	1	1	1	0
       24	2019-05-22 16:37:08	1	1	1	0
     1030	2019-05-22 17:25:44	1	0	1	0
        8	2019-05-22 17:29:40	1	1	1	0
       32	2019-05-22 17:32:34	1	1	1	0
     1083	2019-05-22 17:32:53	1	1	1	0
       29	2019-05-22 17:49:19	1	1	1	0
     2051	2019-05-22 18:09:48	1	1	1	0
       41	2019-05-22 18:11:00	1	1	1	0
        6	2019-05-22 18:18:07	1	1	1	0
     1078	2019-05-22 18:31:10	1	1	1	0
     1033	2019-05-22 18:54:32	1	1	1	0
       27	2019-05-22 19:06:02	1	1	1	0
       44	2019-05-22 19:09:25	1	1	1	0
        1	2019-05-22 19:15:24	1	1	1	0
     1082	2019-05-22 19:42:04	1	1	1	0
       25	2019-05-22 19:46:46	1	1	1	0
        3	2019-05-22 19:48:36	1	1	1	0
     1045	2019-05-22 19:51:55	1	1	1	0
     1080	2019-05-22 19:55:20	1	1	1	0
       50	2019-05-22 19:58:37	1	1	1	0
       33	2019-05-23 07:58:56	1	0	1	0
       32	2019-05-23 07:58:58	1	0	1	0
       50	2019-05-23 08:02:10	1	0	1	0
       44	2019-05-23 08:11:04	1	0	1	0
       27	2019-05-23 08:11:23	1	0	1	0
       13	2019-05-23 08:12:31	1	0	1	0
     1081	2019-05-23 08:26:21	1	0	1	0
        5	2019-05-23 08:29:00	1	0	1	0
       25	2019-05-23 08:30:01	1	0	1	0
     1082	2019-05-23 08:31:50	1	0	1	0
     1080	2019-05-23 08:31:54	1	0	1	0
       26	2019-05-23 08:33:51	1	0	1	0
       12	2019-05-23 08:42:29	1	0	1	0
        8	2019-05-23 08:43:41	1	0	1	0
        7	2019-05-23 08:47:36	1	0	1	0
       14	2019-05-23 08:48:03	1	0	1	0
     1083	2019-05-23 08:52:10	1	0	1	0
       10	2019-05-23 08:57:14	1	0	1	0
        6	2019-05-23 08:57:16	1	0	1	0
       24	2019-05-23 08:57:22	1	0	1	0
     1030	2019-05-23 09:05:01	1	0	1	0
     1066	2019-05-23 09:05:06	1	0	1	0
       29	2019-05-23 09:27:42	1	0	1	0
     1033	2019-05-23 09:30:05	1	0	1	0
       28	2019-05-23 09:33:56	1	0	1	0
     2051	2019-05-23 09:36:58	1	0	1	0
     1067	2019-05-23 09:42:33	1	0	1	0
     1078	2019-05-23 09:48:11	1	0	1	0
        3	2019-05-23 10:01:35	1	0	1	0
       41	2019-05-23 10:10:26	1	0	1	0
       47	2019-05-23 10:26:17	1	0	1	0
        1	2019-05-23 11:01:16	1	0	1	0
     1082	2019-05-23 12:06:10	1	1	1	0
     1083	2019-05-23 12:06:25	1	1	1	0
     1080	2019-05-23 12:07:24	1	1	1	0
        6	2019-05-23 12:14:34	1	1	1	0
       24	2019-05-23 12:15:13	1	1	1	0
        5	2019-05-23 12:15:17	1	1	1	0
       15	2019-05-23 12:27:47	1	1	1	0
       44	2019-05-23 12:34:38	1	1	1	0
       50	2019-05-23 12:50:57	1	1	1	0
        1	2019-05-23 12:51:49	1	1	1	0
       28	2019-05-23 13:00:33	1	1	1	0
        6	2019-05-23 13:02:12	1	0	1	0
        5	2019-05-23 13:02:19	1	0	1	0
       33	2019-05-23 13:15:40	1	1	1	0
       32	2019-05-23 13:15:44	1	1	1	0
       24	2019-05-23 13:22:11	1	0	1	0
       32	2019-05-23 13:30:36	1	0	1	0
       33	2019-05-23 13:30:37	1	0	1	0
        1	2019-05-23 13:30:44	1	0	1	0
       28	2019-05-23 13:30:47	1	0	1	0
     1030	2019-05-23 13:33:59	1	1	1	0
       13	2019-05-23 14:01:42	1	1	1	0
     2057	2019-05-23 14:03:40	1	0	1	0
       21	2019-05-23 14:03:45	1	0	1	0
       21	2019-05-23 14:03:46	1	0	1	0
       41	2019-05-23 14:07:38	1	0	1	0
     1033	2019-05-23 14:07:49	1	1	1	0
       41	2019-05-23 14:08:00	1	1	1	0
     1083	2019-05-23 14:32:00	1	0	1	0
     1030	2019-05-23 14:32:03	1	0	1	0
     1080	2019-05-23 14:32:09	1	0	1	0
     1082	2019-05-23 14:32:13	1	0	1	0
     1081	2019-05-23 14:38:25	1	0	1	0
     1081	2019-05-23 14:38:32	1	1	1	0
       28	2019-05-23 14:51:39	1	1	1	0
       41	2019-05-23 14:53:00	1	0	1	0
     1033	2019-05-23 14:53:02	1	0	1	0
       28	2019-05-23 15:10:44	1	0	1	0
     1030	2019-05-23 15:18:10	1	1	1	0
       44	2019-05-23 15:30:14	1	0	1	0
       50	2019-05-23 15:40:58	1	0	1	0
       14	2019-05-23 15:45:09	1	1	1	0
       12	2019-05-23 15:45:14	1	1	1	0
        5	2019-05-23 16:20:34	1	1	1	0
       10	2019-05-23 16:21:05	1	1	1	0
       33	2019-05-23 16:21:50	1	1	1	0
       24	2019-05-23 16:24:51	1	1	1	0
       21	2019-05-23 16:27:49	1	1	1	0
        3	2019-05-23 17:11:41	1	1	1	0
     1030	2019-05-23 17:11:58	1	0	1	0
       32	2019-05-23 17:12:08	1	1	1	0
     2051	2019-05-23 17:24:20	1	1	1	0
     1083	2019-05-23 17:34:38	1	1	1	0
       41	2019-05-23 17:36:58	1	1	1	0
     1080	2019-05-23 17:39:30	1	1	1	0
       44	2019-05-23 17:55:04	1	1	1	0
     1066	2019-05-23 17:55:53	1	1	1	0
     1067	2019-05-23 17:55:55	1	1	1	0
        7	2019-05-23 18:00:10	1	1	1	0
        8	2019-05-23 18:00:14	1	1	1	0
        6	2019-05-23 18:01:31	1	1	1	0
     1030	2019-05-23 18:09:09	1	1	1	0
       47	2019-05-23 18:31:24	1	1	1	0
        1	2019-05-23 18:37:14	1	1	1	0
       26	2019-05-23 18:43:07	1	1	1	0
       27	2019-05-23 18:44:11	1	1	1	0
       50	2019-05-23 18:48:25	1	1	1	0
       28	2019-05-23 18:48:26	1	1	1	0
     1033	2019-05-23 19:27:13	1	1	1	0
     1078	2019-05-23 19:27:28	1	1	1	0
       29	2019-05-23 19:40:40	1	1	1	0
     1081	2019-05-24 07:26:48	1	0	1	0
       10	2019-05-24 08:37:22	1	0	1	0
       10	2019-05-24 08:37:23	1	0	1	0
       44	2019-05-24 08:38:17	1	0	1	0
        6	2019-05-24 08:42:22	1	0	1	0
        7	2019-05-24 08:43:42	1	0	1	0
       19	2019-05-24 08:48:07	1	0	1	0
       33	2019-05-24 08:53:30	1	0	1	0
       50	2019-05-24 08:59:25	1	0	1	0
       24	2019-05-24 09:00:49	1	0	1	0
        1	2019-05-24 09:10:31	1	0	1	0
     1030	2019-05-24 09:13:29	1	0	1	0
       26	2019-05-24 09:19:49	1	0	1	0
        5	2019-05-24 09:22:55	1	0	1	0
     2051	2019-05-24 09:35:49	1	0	1	0
       41	2019-05-24 09:37:50	1	0	1	0
       29	2019-05-24 10:10:40	1	0	1	0
       12	2019-05-24 10:23:27	1	0	1	0
       47	2019-05-24 10:49:38	1	0	1	0
       33	2019-05-24 11:31:34	1	1	1	0
        8	2019-05-24 11:40:18	1	0	1	0
       42	2019-05-24 11:43:36	1	0	1	0
       42	2019-05-24 11:47:51	1	1	1	0
       28	2019-05-24 11:56:35	1	1	1	0
       28	2019-05-24 11:56:41	1	0	1	0
        5	2019-05-24 12:00:29	1	0	1	0
        6	2019-05-24 12:00:36	1	1	1	0
        5	2019-05-24 12:00:40	1	1	1	0
        1	2019-05-24 12:05:46	1	1	1	0
     2051	2019-05-24 12:08:02	1	1	1	0
       10	2019-05-24 12:09:00	1	1	1	0
       32	2019-05-24 12:16:43	1	0	1	0
       10	2019-05-24 12:19:41	1	0	1	0
       24	2019-05-24 12:25:46	1	1	1	0
       32	2019-05-24 12:26:02	1	1	1	0
     2051	2019-05-24 12:26:22	1	0	1	0
        5	2019-05-24 12:26:28	1	0	1	0
        6	2019-05-24 12:26:35	1	0	1	0
       48	2019-05-24 12:30:13	1	1	1	0
        1	2019-05-24 12:31:01	1	0	1	0
     2051	2019-05-24 13:30:52	1	1	1	0
       50	2019-05-24 13:44:57	1	1	1	0
     1030	2019-05-24 13:57:17	1	1	1	0
       32	2019-05-24 13:59:00	1	0	1	0
       33	2019-05-24 14:00:50	1	0	1	0
       24	2019-05-24 14:10:39	1	0	1	0
     1031	2019-05-24 14:14:00	1	0	1	0
       42	2019-05-24 14:17:32	1	0	1	0
     1081	2019-05-24 14:24:49	1	0	1	0
     1081	2019-05-24 14:24:54	1	1	1	0
     1030	2019-05-24 14:50:35	1	0	1	0
       50	2019-05-24 15:09:34	1	0	1	0
       19	2019-05-24 15:21:24	1	1	1	0
       28	2019-05-24 15:35:44	1	1	1	0
       42	2019-05-24 15:59:39	1	1	1	0
       12	2019-05-24 16:04:27	1	1	1	0
       33	2019-05-24 16:29:06	1	1	1	0
       28	2019-05-24 16:36:11	1	0	1	0
       10	2019-05-24 16:53:36	1	1	1	0
        8	2019-05-24 17:00:06	1	1	1	0
        7	2019-05-24 17:07:41	1	1	1	0
       47	2019-05-24 17:18:35	1	1	1	0
       47	2019-05-24 17:18:40	1	0	1	0
     1030	2019-05-24 17:44:56	1	1	1	0
       24	2019-05-24 17:46:41	1	1	1	0
        1	2019-05-24 17:57:34	1	1	1	0
       50	2019-05-24 18:15:00	1	1	1	0
       26	2019-05-24 18:24:06	1	1	1	0
       29	2019-05-24 18:27:41	1	1	1	0
       32	2019-05-24 18:34:21	1	1	1	0
       44	2019-05-24 18:54:22	1	1	1	0
        6	2019-05-24 19:00:43	1	1	1	0
        5	2019-05-24 19:02:09	1	1	1	0
       28	2019-05-24 19:13:16	1	1	1	0
       41	2019-05-24 19:14:52	1	1	1	0
     1081	2019-05-25 07:47:29	1	0	1	0
       14	2019-05-25 07:51:21	1	0	1	0
       26	2019-05-25 07:54:09	1	0	1	0
       12	2019-05-25 07:56:16	1	0	1	0
       33	2019-05-25 07:57:33	1	0	1	0
       10	2019-05-25 08:38:14	1	0	1	0
        7	2019-05-25 08:43:20	1	0	1	0
        6	2019-05-25 08:44:46	1	0	1	0
       13	2019-05-25 08:59:35	1	0	1	0
        5	2019-05-25 09:01:17	1	0	1	0
       47	2019-05-25 09:04:17	1	0	1	0
       32	2019-05-25 09:30:41	1	0	1	0
       28	2019-05-25 09:35:49	1	0	1	0
     1060	2019-05-25 09:37:24	1	0	1	0
     1030	2019-05-25 09:42:47	1	0	1	0
     1044	2019-05-25 10:51:24	1	0	1	0
       41	2019-05-25 10:56:42	1	0	1	0
       20	2019-05-25 11:11:46	1	0	1	0
        8	2019-05-25 11:30:23	1	0	1	0
       32	2019-05-25 11:59:14	1	1	1	0
       32	2019-05-25 11:59:19	1	0	1	0
       42	2019-05-25 12:09:26	1	0	1	0
       12	2019-05-25 12:11:11	1	1	1	0
       10	2019-05-25 12:22:45	1	1	1	0
       41	2019-05-25 12:26:32	1	1	1	0
       47	2019-05-25 12:27:58	1	1	1	0
       47	2019-05-25 12:28:03	1	0	1	0
       41	2019-05-25 12:28:21	1	0	1	0
       42	2019-05-25 12:29:22	1	1	1	0
       42	2019-05-25 12:29:26	1	0	1	0
       10	2019-05-25 12:37:11	1	0	1	0
     1060	2019-05-25 12:38:02	1	1	1	0
       29	2019-05-25 13:06:34	1	0	1	0
        6	2019-05-25 13:11:59	1	0	1	0
        6	2019-05-25 13:12:04	1	1	1	0
       28	2019-05-25 13:13:20	1	1	1	0
     2051	2019-05-25 13:26:41	1	0	1	0
       26	2019-05-25 13:58:36	1	1	1	0
     1081	2019-05-25 14:05:27	1	1	1	0
        5	2019-05-25 14:17:02	1	1	1	0
     1030	2019-05-25 14:34:03	1	1	1	0
       20	2019-05-25 14:35:29	1	1	1	0
       14	2019-05-25 14:35:31	1	1	1	0
       13	2019-05-25 14:35:34	1	1	1	0
       32	2019-05-25 14:45:33	1	1	1	0
       28	2019-05-25 15:07:13	1	0	1	0
     2051	2019-05-25 16:04:17	1	1	1	0
       10	2019-05-25 16:18:53	1	1	1	0
       33	2019-05-25 16:49:47	1	1	1	0
       28	2019-05-25 18:24:05	1	1	1	0
       29	2019-05-25 18:47:39	1	1	1	0
       41	2019-05-25 18:52:38	1	1	1	0
       33	2019-05-27 07:33:42	1	0	1	0
       13	2019-05-27 07:38:40	1	0	1	0
       44	2019-05-27 08:01:29	1	0	1	0
     2051	2019-05-27 08:26:41	1	0	1	0
       10	2019-05-27 08:31:18	1	0	1	0
        7	2019-05-27 09:03:20	1	0	1	0
        8	2019-05-27 09:04:58	1	0	1	0
       47	2019-05-27 09:06:08	1	0	1	0
       24	2019-05-27 09:11:33	1	0	1	0
        5	2019-05-27 09:13:44	1	0	1	0
       26	2019-05-27 09:24:44	1	0	1	0
       32	2019-05-27 09:28:02	1	0	1	0
       29	2019-05-27 09:28:04	1	0	1	0
     1060	2019-05-27 09:31:23	1	0	1	0
        6	2019-05-27 09:33:04	1	0	1	0
       41	2019-05-27 09:42:16	1	0	1	0
       12	2019-05-27 10:17:39	1	0	1	0
     1060	2019-05-27 10:18:14	1	1	1	0
       47	2019-05-27 10:56:38	1	1	1	0
     1060	2019-05-27 11:01:11	1	0	1	0
     1081	2019-05-27 11:02:06	1	0	1	0
     1067	2019-05-27 11:31:41	1	0	1	0
     1083	2019-05-27 11:31:44	1	0	1	0
       33	2019-05-27 11:35:17	1	1	1	0
     1067	2019-05-27 11:35:39	1	1	1	0
       33	2019-05-27 11:57:58	1	0	1	0
       10	2019-05-27 12:16:03	1	1	1	0
     1082	2019-05-27 12:25:47	1	0	1	0
     1080	2019-05-27 12:25:50	1	0	1	0
       10	2019-05-27 12:28:56	1	0	1	0
       44	2019-05-27 13:00:39	1	0	1	0
        8	2019-05-27 13:08:16	1	1	1	0
        7	2019-05-27 13:08:21	1	1	1	0
        6	2019-05-27 13:11:39	1	1	1	0
       13	2019-05-27 13:13:20	1	1	1	0
        5	2019-05-27 13:15:26	1	1	1	0
        5	2019-05-27 13:52:08	1	0	1	0
        6	2019-05-27 13:52:11	1	0	1	0
        7	2019-05-27 14:11:18	1	0	1	0
        8	2019-05-27 14:11:19	1	0	1	0
       12	2019-05-27 14:11:27	1	1	1	0
       29	2019-05-27 14:13:01	1	1	1	0
     2051	2019-05-27 14:13:16	1	1	1	0
       32	2019-05-27 14:13:22	1	1	1	0
       47	2019-05-27 14:15:42	1	0	1	0
       44	2019-05-27 14:20:48	1	0	1	0
       42	2019-05-27 14:25:30	1	0	1	0
       42	2019-05-27 14:25:44	1	1	1	0
       42	2019-05-27 14:25:51	1	0	1	0
       24	2019-05-27 14:49:59	1	1	1	0
       24	2019-05-27 14:50:05	1	0	1	0
     2051	2019-05-27 14:56:38	1	0	1	0
       29	2019-05-27 14:56:45	1	0	1	0
       32	2019-05-27 14:56:50	1	0	1	0
     1082	2019-05-27 15:15:10	1	1	1	0
       47	2019-05-27 16:10:29	1	1	1	0
       47	2019-05-27 16:17:58	1	0	1	0
       41	2019-05-27 16:41:21	1	1	1	0
       42	2019-05-27 17:02:55	1	1	1	0
       33	2019-05-27 17:04:10	1	1	1	0
     1081	2019-05-27 17:09:44	1	1	1	0
        7	2019-05-27 17:21:57	1	1	1	0
        8	2019-05-27 17:22:02	1	1	1	0
     1083	2019-05-27 17:50:27	1	1	1	0
       47	2019-05-27 17:59:47	1	1	1	0
     2051	2019-05-27 18:04:22	1	1	1	0
       32	2019-05-27 18:06:48	1	1	1	0
       24	2019-05-27 18:09:52	1	1	1	0
       44	2019-05-27 18:20:20	1	1	1	0
       29	2019-05-27 19:17:07	1	1	1	0
       26	2019-05-27 19:19:42	1	1	1	0
        5	2019-05-27 19:25:24	1	1	1	0
        6	2019-05-27 19:25:29	1	1	1	0
       14	2019-05-28 08:00:55	1	0	1	0
       21	2019-05-28 08:01:03	1	0	1	0
       44	2019-05-28 08:16:59	1	0	1	0
        5	2019-05-28 08:30:09	1	0	1	0
       33	2019-05-28 08:44:49	1	0	1	0
       10	2019-05-28 09:30:14	1	0	1	0
        6	2019-05-28 09:30:16	1	0	1	0
     1031	2019-05-28 09:32:28	1	0	1	0
     2051	2019-05-28 09:47:44	1	0	1	0
       24	2019-05-28 09:52:06	1	0	1	0
     1044	2019-05-28 10:03:30	1	0	1	0
       14	2019-05-28 10:53:04	1	1	1	0
       44	2019-05-28 10:53:55	1	1	1	0
       47	2019-05-28 11:10:55	1	0	1	0
     1031	2019-05-28 11:34:16	1	1	1	0
     1044	2019-05-28 11:34:23	1	1	1	0
       24	2019-05-28 11:37:38	1	1	1	0
       29	2019-05-28 11:39:51	1	0	1	0
       32	2019-05-28 11:52:11	1	0	1	0
       47	2019-05-28 12:03:55	1	1	1	0
       32	2019-05-28 14:03:06	1	1	1	0
       42	2019-05-28 14:42:38	1	0	1	0
     1045	2019-05-28 15:28:36	1	0	1	0
       42	2019-05-28 15:38:29	1	1	1	0
       42	2019-05-28 15:38:37	1	0	1	0
       42	2019-05-28 16:11:36	1	1	1	0
       42	2019-05-28 16:11:37	1	1	1	0
       10	2019-05-28 16:23:28	1	1	1	0
     2051	2019-05-28 16:35:20	1	1	1	0
     2051	2019-05-28 16:35:27	1	0	1	0
       29	2019-05-28 16:59:54	1	1	1	0
     2051	2019-05-28 17:00:05	1	1	1	0
       21	2019-05-28 17:00:58	1	1	1	0
        5	2019-05-29 07:58:13	1	0	1	0
       14	2019-05-29 08:04:37	1	0	1	0
     1081	2019-05-29 08:06:02	1	0	1	0
       33	2019-05-29 08:17:50	1	0	1	0
       24	2019-05-29 08:21:46	1	0	1	0
       26	2019-05-29 08:26:00	1	0	1	0
     1083	2019-05-29 08:27:15	1	0	1	0
       44	2019-05-29 08:33:34	1	0	1	0
     1067	2019-05-29 08:34:44	1	0	1	0
       13	2019-05-29 08:35:57	1	0	1	0
       19	2019-05-29 08:37:29	1	0	1	0
     1082	2019-05-29 08:37:41	1	0	1	0
     1080	2019-05-29 08:37:44	1	0	1	0
       10	2019-05-29 08:43:32	1	0	1	0
       50	2019-05-29 08:44:47	1	0	1	0
       32	2019-05-29 09:02:47	1	0	1	0
     2051	2019-05-29 09:05:28	1	0	1	0
       25	2019-05-29 09:15:00	1	0	1	0
       12	2019-05-29 09:23:22	1	0	1	0
     1030	2019-05-29 09:40:14	1	0	1	0
        2	2019-05-29 09:44:23	1	0	1	0
        1	2019-05-29 09:45:08	1	0	1	0
        8	2019-05-29 10:03:29	1	0	1	0
        3	2019-05-29 10:05:19	1	0	1	0
        6	2019-05-29 10:22:03	1	0	1	0
       47	2019-05-29 10:24:45	1	0	1	0
       42	2019-05-29 10:47:15	1	0	1	0
       29	2019-05-29 10:50:59	1	0	1	0
       41	2019-05-29 11:11:59	1	0	1	0
       30	2019-05-29 11:13:29	1	0	1	0
     1083	2019-05-29 11:24:17	1	1	1	0
     1082	2019-05-29 11:24:21	1	1	1	0
     1078	2019-05-29 11:24:30	1	0	1	0
       19	2019-05-29 12:09:25	1	1	1	0
       44	2019-05-29 12:14:25	1	1	1	0
        5	2019-05-29 12:19:48	1	1	1	0
        6	2019-05-29 12:20:09	1	1	1	0
       33	2019-05-29 12:31:45	1	1	1	0
     1080	2019-05-29 12:42:26	1	1	1	0
       19	2019-05-29 12:43:48	1	0	1	0
       20	2019-05-29 12:51:43	1	0	1	0
       33	2019-05-29 12:53:33	1	0	1	0
        5	2019-05-29 12:55:29	1	0	1	0
        6	2019-05-29 12:55:32	1	0	1	0
        1	2019-05-29 12:58:27	1	1	1	0
     1030	2019-05-29 13:21:11	1	1	1	0
     1083	2019-05-29 13:31:53	1	0	1	0
     1080	2019-05-29 13:31:57	1	0	1	0
     1082	2019-05-29 13:32:01	1	0	1	0
       32	2019-05-29 13:33:58	1	0	1	0
     1030	2019-05-29 13:37:38	1	0	1	0
       24	2019-05-29 13:38:19	1	1	1	0
        3	2019-05-29 13:45:19	1	1	1	0
     2051	2019-05-29 13:56:21	1	1	1	0
       29	2019-05-29 13:56:31	1	1	1	0
        8	2019-05-29 13:58:24	1	1	1	0
       50	2019-05-29 14:17:17	1	1	1	0
     1067	2019-05-29 14:22:51	1	1	1	0
     1033	2019-05-29 14:32:30	1	0	1	0
        3	2019-05-29 14:33:15	1	0	1	0
       27	2019-05-29 14:34:22	1	0	1	0
       50	2019-05-29 14:37:14	1	0	1	0
        1	2019-05-29 14:42:42	1	0	1	0
     1030	2019-05-29 14:42:49	1	1	1	0
        5	2019-05-29 14:44:48	1	1	1	0
     1060	2019-05-29 14:52:54	1	0	1	0
       29	2019-05-29 14:59:46	1	0	1	0
     2051	2019-05-29 14:59:51	1	0	1	0
        8	2019-05-29 15:01:09	1	0	1	0
       12	2019-05-29 15:22:23	1	1	1	0
       14	2019-05-29 15:22:29	1	1	1	0
       13	2019-05-29 15:22:34	1	1	1	0
       24	2019-05-29 15:37:50	1	0	1	0
       10	2019-05-29 15:43:51	1	1	1	0
       44	2019-05-29 15:45:37	1	0	1	0
     1083	2019-05-29 15:59:13	1	1	1	0
       41	2019-05-29 16:18:01	1	1	1	0
     1081	2019-05-29 16:28:05	1	1	1	0
       19	2019-05-29 16:44:01	1	1	1	0
        6	2019-05-29 16:56:34	1	1	1	0
       20	2019-05-29 16:57:39	1	1	1	0
       47	2019-05-29 17:19:19	1	1	1	0
     1082	2019-05-29 17:19:27	1	1	1	0
     1080	2019-05-29 17:20:09	1	1	1	0
        8	2019-05-29 17:24:50	1	1	1	0
       24	2019-05-29 17:27:15	1	1	1	0
       27	2019-05-29 17:27:47	1	1	1	0
     1060	2019-05-29 17:27:49	1	1	1	0
     2051	2019-05-29 17:28:16	1	1	1	0
     1033	2019-05-29 17:44:02	1	1	1	0
       42	2019-05-29 18:00:41	1	1	1	0
       50	2019-05-29 18:09:50	1	1	1	0
        1	2019-05-29 18:11:15	1	1	1	0
        3	2019-05-29 18:25:26	1	1	1	0
       32	2019-05-29 18:44:02	1	1	1	0
       33	2019-05-29 18:50:58	1	1	1	0
       44	2019-05-29 19:03:13	1	1	1	0
       26	2019-05-29 19:17:20	1	1	1	0
       29	2019-05-29 19:25:17	1	1	1	0
        2	2019-05-29 19:36:53	1	1	1	0
     1078	2019-05-29 19:40:08	1	1	1	0
     1081	2019-05-30 07:47:17	1	0	1	0
       25	2019-05-30 07:58:09	1	0	1	0
       13	2019-05-30 08:01:58	1	0	1	0
       27	2019-05-30 08:03:45	1	0	1	0
       44	2019-05-30 08:08:33	1	0	1	0
     1067	2019-05-30 08:25:26	1	0	1	0
       12	2019-05-30 08:27:07	1	0	1	0
       41	2019-05-30 08:31:10	1	0	1	0
     1082	2019-05-30 08:39:39	1	0	1	0
     1082	2019-05-30 08:39:41	1	0	1	0
     1080	2019-05-30 08:39:43	1	0	1	0
     1083	2019-05-30 08:44:11	1	0	1	0
       14	2019-05-30 08:46:52	1	0	1	0
       10	2019-05-30 08:47:35	1	0	1	0
       32	2019-05-30 08:51:24	1	0	1	0
        7	2019-05-30 08:53:39	1	0	1	0
       50	2019-05-30 08:53:44	1	0	1	0
     1066	2019-05-30 08:58:18	1	0	1	0
       33	2019-05-30 09:08:53	1	0	1	0
     1030	2019-05-30 09:16:27	1	0	1	0
        8	2019-05-30 09:18:49	1	0	1	0
        5	2019-05-30 09:26:08	1	0	1	0
       19	2019-05-30 09:30:11	1	0	1	0
       24	2019-05-30 09:35:51	1	0	1	0
        3	2019-05-30 09:50:25	1	0	1	0
        2	2019-05-30 09:58:35	1	0	1	0
     2051	2019-05-30 10:11:50	1	0	1	0
        1	2019-05-30 10:27:05	1	0	1	0
       47	2019-05-30 10:39:25	1	0	1	0
       26	2019-05-30 10:43:23	1	0	1	0
     1033	2019-05-30 10:43:53	1	0	1	0
       29	2019-05-30 10:57:33	1	0	1	0
       24	2019-05-30 12:19:05	1	1	1	0
     1030	2019-05-30 12:24:30	1	1	1	0
       19	2019-05-30 12:25:00	1	1	1	0
       20	2019-05-30 12:28:13	1	0	1	0
     1080	2019-05-30 12:31:08	1	1	1	0
     1082	2019-05-30 12:31:10	1	1	1	0
     1083	2019-05-30 12:31:19	1	1	1	0
       19	2019-05-30 13:34:53	1	0	1	0
        6	2019-05-30 13:34:58	1	0	1	0
     1082	2019-05-30 13:43:33	1	0	1	0
     1080	2019-05-30 13:43:36	1	0	1	0
     1083	2019-05-30 13:44:33	1	0	1	0
       21	2019-05-30 13:53:40	1	0	1	0
        1	2019-05-30 13:55:56	1	1	1	0
        1	2019-05-30 13:56:07	1	0	1	0
       44	2019-05-30 14:01:08	1	0	1	0
     1060	2019-05-30 14:08:30	1	0	1	0
        3	2019-05-30 14:09:42	1	1	1	0
        1	2019-05-30 14:10:04	1	1	1	0
       50	2019-05-30 14:10:10	1	1	1	0
       24	2019-05-30 14:16:45	1	0	1	0
        1	2019-05-30 14:35:21	1	0	1	0
        3	2019-05-30 15:04:55	1	0	1	0
       50	2019-05-30 15:07:49	1	0	1	0
       19	2019-05-30 15:11:36	1	1	1	0
     1045	2019-05-30 15:22:23	1	0	1	0
        5	2019-05-30 15:34:50	1	1	1	0
       10	2019-05-30 16:17:13	1	1	1	0
     1081	2019-05-30 16:24:19	1	1	1	0
     1045	2019-05-30 16:25:23	1	1	1	0
       24	2019-05-30 16:48:43	1	1	1	0
     1033	2019-05-30 17:05:16	1	1	1	0
       41	2019-05-30 17:08:38	1	1	1	0
     1066	2019-05-30 17:10:41	1	1	1	0
       25	2019-05-30 17:16:00	1	1	1	0
       14	2019-05-30 17:22:22	1	1	1	0
       12	2019-05-30 17:22:26	1	1	1	0
     1067	2019-05-30 17:31:06	1	1	1	0
     1082	2019-05-30 17:36:24	1	1	1	0
        2	2019-05-30 17:36:37	1	1	1	0
        7	2019-05-30 17:36:59	1	1	1	0
        8	2019-05-30 17:37:00	1	1	1	0
     1080	2019-05-30 17:37:05	1	1	1	0
       21	2019-05-30 17:41:12	1	1	1	0
       50	2019-05-30 17:43:23	1	1	1	0
       20	2019-05-30 17:49:49	1	1	1	0
     1083	2019-05-30 17:53:36	1	1	1	0
        3	2019-05-30 17:58:09	1	1	1	0
       47	2019-05-30 18:03:32	1	1	1	0
       32	2019-05-30 18:07:08	1	1	1	0
        1	2019-05-30 18:23:05	1	1	1	0
        6	2019-05-30 18:28:31	1	1	1	0
     2051	2019-05-30 18:37:25	1	1	1	0
       33	2019-05-30 18:43:35	1	1	1	0
       13	2019-05-30 18:59:46	1	1	1	0
       29	2019-05-30 19:48:17	1	1	1	0
       27	2019-05-30 19:48:21	1	1	1	0
       44	2019-05-30 19:55:16	1	1	1	0
       26	2019-05-31 07:56:41	1	0	1	0
       25	2019-05-31 08:04:03	1	0	1	0
       13	2019-05-31 08:10:04	1	0	1	0
     2051	2019-05-31 08:13:49	1	0	1	0
     1067	2019-05-31 08:15:09	1	0	1	0
       14	2019-05-31 08:18:54	1	0	1	0
        7	2019-05-31 08:21:31	1	0	1	0
     1030	2019-05-31 08:24:00	1	0	1	0
       14	2019-05-31 08:31:23	1	1	1	0
       13	2019-05-31 08:31:27	1	1	1	0
     1080	2019-05-31 08:32:37	1	0	1	0
       32	2019-05-31 08:35:24	1	0	1	0
       10	2019-05-31 08:37:20	1	0	1	0
       44	2019-05-31 08:42:54	1	0	1	0
     1083	2019-05-31 08:51:04	1	0	1	0
        8	2019-05-31 08:51:07	1	0	1	0
       12	2019-05-31 08:56:22	1	0	1	0
       41	2019-05-31 08:58:10	1	0	1	0
       33	2019-05-31 09:04:06	1	0	1	0
     1033	2019-05-31 09:14:40	1	0	1	0
        3	2019-05-31 09:32:28	1	0	1	0
     2051	2019-05-31 09:54:01	1	1	1	0
     1066	2019-05-31 09:54:08	1	0	1	0
       29	2019-05-31 10:03:06	1	0	1	0
       27	2019-05-31 10:03:12	1	0	1	0
       19	2019-05-31 10:27:06	1	0	1	0
     1081	2019-05-31 10:56:11	1	0	1	0
       28	2019-05-31 11:39:58	1	1	1	0
     1078	2019-05-31 11:43:15	1	0	1	0
       28	2019-05-31 11:57:15	1	0	1	0
        2	2019-05-31 12:14:34	1	0	1	0
     1083	2019-05-31 12:43:06	1	1	1	0
     1080	2019-05-31 12:43:08	1	1	1	0
       10	2019-05-31 12:43:16	1	1	1	0
     1030	2019-05-31 12:43:38	1	1	1	0
       10	2019-05-31 12:53:02	1	0	1	0
       44	2019-05-31 13:00:24	1	1	1	0
        8	2019-05-31 13:11:02	1	1	1	0
        7	2019-05-31 13:11:04	1	1	1	0
       28	2019-05-31 13:26:51	1	1	1	0
       28	2019-05-31 13:26:55	1	0	1	0
       47	2019-05-31 13:47:52	1	0	1	0
       32	2019-05-31 13:53:22	1	1	1	0
       41	2019-05-31 13:57:18	1	1	1	0
        7	2019-05-31 14:00:11	1	0	1	0
        8	2019-05-31 14:00:13	1	0	1	0
     1030	2019-05-31 14:00:18	1	0	1	0
     1082	2019-05-31 14:00:21	1	0	1	0
     1080	2019-05-31 14:00:24	1	0	1	0
     1083	2019-05-31 14:00:29	1	0	1	0
       50	2019-05-31 14:00:55	1	0	1	0
       28	2019-05-31 14:02:48	1	1	1	0
        3	2019-05-31 14:02:53	1	1	1	0
     1033	2019-05-31 14:03:14	1	1	1	0
       32	2019-05-31 14:23:15	1	0	1	0
       47	2019-05-31 14:28:26	1	1	1	0
        5	2019-05-31 14:30:42	1	0	1	0
       25	2019-05-31 14:32:36	1	0	1	0
     1033	2019-05-31 14:37:27	1	0	1	0
       28	2019-05-31 14:37:32	1	0	1	0
       44	2019-05-31 14:43:25	1	0	1	0
       47	2019-05-31 14:49:36	1	0	1	0
        6	2019-05-31 15:01:48	1	0	1	0
     1067	2019-05-31 15:02:45	1	1	1	0
       41	2019-05-31 15:31:13	1	0	1	0
     1066	2019-05-31 15:37:10	1	1	1	0
       29	2019-05-31 16:07:39	1	1	1	0
       27	2019-05-31 16:07:54	1	1	1	0
       33	2019-05-31 16:23:03	1	1	1	0
        3	2019-05-31 16:24:54	1	0	1	0
       19	2019-05-31 16:29:57	1	1	1	0
       12	2019-05-31 16:30:38	1	1	1	0
       25	2019-05-31 16:37:47	1	1	1	0
       10	2019-05-31 16:56:00	1	1	1	0
     1030	2019-05-31 17:00:36	1	1	1	0
        7	2019-05-31 17:08:12	1	1	1	0
       28	2019-05-31 17:28:23	1	1	1	0
       32	2019-05-31 17:28:54	1	1	1	0
     1083	2019-05-31 17:30:06	1	1	1	0
     1081	2019-05-31 17:30:12	1	1	1	0
     1080	2019-05-31 17:55:28	1	1	1	0
     1082	2019-05-31 17:55:32	1	1	1	0
       47	2019-05-31 17:57:26	1	1	1	0
        3	2019-05-31 18:07:47	1	1	1	0
       26	2019-05-31 18:09:50	1	1	1	0
       41	2019-05-31 18:37:48	1	1	1	0
        6	2019-05-31 18:51:45	1	1	1	0
        5	2019-05-31 18:51:50	1	1	1	0
       50	2019-05-31 18:54:15	1	1	1	0
       28	2019-05-31 19:02:27	1	0	1	0
     1033	2019-05-31 19:10:26	1	1	1	0
       28	2019-05-31 19:49:09	1	1	1	0
        2	2019-05-31 19:49:13	1	1	1	0
