       32	2019-04-02 09:25:59	1	0	1	0
       48	2019-04-02 09:26:25	1	0	1	0
     1031	2019-04-02 09:26:33	1	0	1	0
       28	2019-04-02 09:26:38	1	0	1	0
     2051	2019-04-02 09:26:59	1	0	1	0
       41	2019-04-02 09:27:17	1	0	1	0
       44	2019-04-02 09:27:56	1	0	1	0
       33	2019-04-02 09:31:21	1	0	1	0
       24	2019-04-02 09:46:46	1	0	1	0
        3	2019-04-02 09:58:19	1	0	1	0
        9	2019-04-02 10:31:05	1	0	1	0
       27	2019-04-02 10:35:35	1	0	1	0
     1060	2019-04-02 11:38:51	1	0	1	0
       29	2019-04-02 11:45:34	1	0	1	0
       24	2019-04-02 12:25:27	1	1	1	0
       41	2019-04-02 12:58:09	1	1	1	0
       41	2019-04-02 13:08:02	1	0	1	0
       42	2019-04-02 14:08:47	1	0	1	0
       28	2019-04-02 14:32:03	1	1	1	0
       41	2019-04-02 14:32:50	1	1	1	0
        1	2019-04-02 14:42:27	1	1	1	0
       28	2019-04-02 15:14:46	1	0	1	0
       41	2019-04-02 15:30:54	1	0	1	0
       42	2019-04-02 15:35:24	1	1	1	0
        9	2019-04-02 16:06:17	1	1	1	0
     2051	2019-04-02 17:03:15	1	1	1	0
       28	2019-04-02 17:27:47	1	1	1	0
        1	2019-04-02 17:31:37	1	0	1	0
       41	2019-04-02 18:39:37	1	1	1	0
       33	2019-04-02 18:41:28	1	1	1	0
       29	2019-04-02 18:42:39	1	1	1	0
        1	2019-04-02 18:58:12	1	1	1	0
     1060	2019-04-02 19:26:11	1	1	1	0
     1031	2019-04-02 19:26:18	1	1	1	0
        3	2019-04-02 19:50:33	1	1	1	0
       28	2019-04-03 07:17:17	1	0	1	0
     1060	2019-04-03 07:58:17	1	0	1	0
       33	2019-04-03 07:58:43	1	0	1	0
       28	2019-04-03 08:00:38	1	1	1	0
     2051	2019-04-03 08:21:18	1	0	1	0
       44	2019-04-03 08:21:26	1	0	1	0
       32	2019-04-03 09:07:31	1	0	1	0
       47	2019-04-03 09:07:51	1	0	1	0
       29	2019-04-03 09:23:14	1	0	1	0
       28	2019-04-03 09:26:22	1	0	1	0
       41	2019-04-03 09:26:42	1	0	1	0
       24	2019-04-03 09:51:35	1	0	1	0
       17	2019-04-03 09:52:37	1	0	1	0
       48	2019-04-03 10:00:23	1	0	1	0
     1031	2019-04-03 10:00:29	1	0	1	0
     1054	2019-04-03 10:19:51	1	0	1	0
        3	2019-04-03 10:48:06	1	0	1	0
        1	2019-04-03 10:59:26	1	0	1	0
       27	2019-04-03 11:08:39	1	0	1	0
       24	2019-04-03 12:15:30	1	1	1	0
       17	2019-04-03 12:15:32	1	1	1	0
       33	2019-04-03 13:23:50	1	1	1	0
        1	2019-04-03 13:27:24	1	1	1	0
       28	2019-04-03 13:30:56	1	1	1	0
       17	2019-04-03 13:42:11	1	0	1	0
       24	2019-04-03 13:42:13	1	0	1	0
       47	2019-04-03 13:51:49	1	1	1	0
       33	2019-04-03 13:56:47	1	0	1	0
       28	2019-04-03 14:30:22	1	0	1	0
       41	2019-04-03 14:30:39	1	0	1	0
        1	2019-04-03 14:50:33	1	0	1	0
       47	2019-04-03 15:43:12	1	1	1	0
       24	2019-04-03 15:51:41	1	1	1	0
       17	2019-04-03 15:52:05	1	1	1	0
       28	2019-04-03 16:08:46	1	1	1	0
       24	2019-04-03 16:15:42	1	0	1	0
       17	2019-04-03 16:15:43	1	0	1	0
     1031	2019-04-03 16:32:07	1	1	1	0
     2051	2019-04-03 16:38:28	1	1	1	0
       28	2019-04-03 16:48:52	1	0	1	0
       33	2019-04-03 17:16:07	1	1	1	0
       47	2019-04-03 17:49:39	1	1	1	0
       17	2019-04-03 17:55:31	1	1	1	0
       24	2019-04-03 18:26:58	1	1	1	0
       28	2019-04-03 18:36:23	1	1	1	0
       32	2019-04-03 18:50:53	1	1	1	0
     1060	2019-04-03 18:53:33	1	1	1	0
       29	2019-04-03 19:11:19	1	1	1	0
        1	2019-04-03 19:12:52	1	1	1	0
        3	2019-04-03 19:49:43	1	1	1	0
     1060	2019-04-04 08:01:52	1	0	1	0
       33	2019-04-04 08:02:04	1	0	1	0
       41	2019-04-04 08:02:20	1	0	1	0
       28	2019-04-04 08:17:40	1	0	1	0
     2051	2019-04-04 08:24:10	1	0	1	0
       44	2019-04-04 08:30:46	1	0	1	0
       32	2019-04-04 08:35:35	1	0	1	0
     1030	2019-04-04 08:45:56	1	0	1	0
       47	2019-04-04 09:04:29	1	0	1	0
        3	2019-04-04 09:08:26	1	0	1	0
     1067	2019-04-04 09:27:17	1	0	1	0
       29	2019-04-04 09:27:22	1	0	1	0
       48	2019-04-04 09:30:07	1	0	1	0
       28	2019-04-04 09:40:52	1	1	1	0
       17	2019-04-04 09:49:25	1	0	1	0
        1	2019-04-04 09:51:38	1	0	1	0
       28	2019-04-04 10:22:22	1	0	1	0
     1030	2019-04-04 11:11:59	1	1	1	0
     1067	2019-04-04 11:12:22	1	1	1	0
       27	2019-04-04 11:21:45	1	0	1	0
       48	2019-04-04 11:29:49	1	1	1	0
     1031	2019-04-04 11:56:17	1	0	1	0
       28	2019-04-04 12:08:38	1	1	1	0
     1067	2019-04-04 12:15:06	1	0	1	0
     1030	2019-04-04 12:15:13	1	0	1	0
        1	2019-04-04 12:23:00	1	1	1	0
       32	2019-04-04 13:10:03	1	1	1	0
       33	2019-04-04 13:10:35	1	1	1	0
       48	2019-04-04 13:28:55	1	0	1	0
       28	2019-04-04 13:29:00	1	0	1	0
     1031	2019-04-04 13:30:32	1	1	1	0
       33	2019-04-04 13:33:25	1	0	1	0
       32	2019-04-04 13:33:29	1	0	1	0
        1	2019-04-04 13:53:18	1	0	1	0
     1067	2019-04-04 14:18:37	1	1	1	0
       41	2019-04-04 14:24:36	1	1	1	0
       41	2019-04-04 14:39:28	1	0	1	0
        1	2019-04-04 14:51:09	1	1	1	0
     1030	2019-04-04 15:06:34	1	1	1	0
     1030	2019-04-04 15:32:18	1	0	1	0
       47	2019-04-04 15:33:00	1	1	1	0
     1030	2019-04-04 15:37:26	1	1	1	0
        1	2019-04-04 15:37:35	1	0	1	0
       33	2019-04-04 16:01:20	1	1	1	0
       29	2019-04-04 16:45:13	1	1	1	0
     2051	2019-04-04 16:45:33	1	1	1	0
       41	2019-04-04 17:28:53	1	1	1	0
       32	2019-04-04 18:22:56	1	1	1	0
       48	2019-04-04 18:23:01	1	1	1	0
       44	2019-04-04 18:28:26	1	1	1	0
       28	2019-04-04 18:36:57	1	1	1	0
        1	2019-04-04 19:05:57	1	1	1	0
     1060	2019-04-04 19:07:14	1	1	1	0
        3	2019-04-04 19:53:56	1	1	1	0
       41	2019-04-05 08:17:01	1	0	1	0
       28	2019-04-05 08:18:00	1	0	1	0
       33	2019-04-05 08:22:57	1	0	1	0
       28	2019-04-05 08:27:51	1	1	1	0
       44	2019-04-05 08:36:01	1	0	1	0
       32	2019-04-05 08:47:34	1	0	1	0
        1	2019-04-05 09:36:17	1	0	1	0
     1030	2019-04-05 09:40:20	1	0	1	0
       29	2019-04-05 09:41:46	1	0	1	0
       48	2019-04-05 09:52:06	1	0	1	0
       24	2019-04-05 10:36:22	1	0	1	0
       27	2019-04-05 10:44:50	1	0	1	0
       29	2019-04-05 11:04:47	1	1	1	0
       29	2019-04-05 11:04:54	1	0	1	0
        3	2019-04-05 11:19:18	1	0	1	0
       28	2019-04-05 11:30:01	1	1	1	0
       28	2019-04-05 11:30:06	1	0	1	0
     1079	2019-04-05 12:01:23	1	0	1	0
        1	2019-04-05 12:01:42	1	1	1	0
       32	2019-04-05 12:11:37	1	1	1	0
       24	2019-04-05 12:30:48	1	1	1	0
       33	2019-04-05 13:19:54	1	1	1	0
        1	2019-04-05 13:38:26	1	0	1	0
       28	2019-04-05 13:39:19	1	1	1	0
       33	2019-04-05 13:48:52	1	0	1	0
     1045	2019-04-05 13:51:26	1	0	1	0
       47	2019-04-05 13:57:05	1	0	1	0
     1030	2019-04-05 13:58:32	1	1	1	0
       28	2019-04-05 14:00:15	1	0	1	0
       24	2019-04-05 14:15:28	1	0	1	0
        3	2019-04-05 14:31:30	1	1	1	0
     1030	2019-04-05 14:36:40	1	0	1	0
     1054	2019-04-05 14:54:53	1	0	1	0
     1030	2019-04-05 15:02:05	1	1	1	0
     2057	2019-04-05 15:32:18	1	0	1	0
       33	2019-04-05 16:02:10	1	1	1	0
        5	2019-04-05 16:11:18	1	0	1	0
        6	2019-04-05 16:11:25	1	0	1	0
     1060	2019-04-05 16:22:14	1	0	1	0
       32	2019-04-05 16:22:19	1	0	1	0
     1079	2019-04-05 16:24:39	1	1	1	0
        3	2019-04-05 16:38:01	1	0	1	0
        6	2019-04-05 17:10:20	1	1	1	0
        5	2019-04-05 17:11:57	1	1	1	0
     0987	2019-04-05 17:13:11	1	1	1	0
       24	2019-04-05 18:08:20	1	1	1	0
     1054	2019-04-05 18:13:08	1	1	1	0
     1054	2019-04-05 18:13:09	1	1	1	0
     2057	2019-04-05 18:13:14	1	1	1	0
       47	2019-04-05 18:13:18	1	1	1	0
       48	2019-04-05 18:22:33	1	1	1	0
       28	2019-04-05 18:31:38	1	1	1	0
       29	2019-04-05 18:35:07	1	1	1	0
       32	2019-04-05 18:35:14	1	1	1	0
       27	2019-04-05 18:35:31	1	1	1	0
     1060	2019-04-05 19:27:45	1	1	1	0
        1	2019-04-05 19:41:12	1	1	1	0
        3	2019-04-05 19:50:37	1	1	1	0
     1060	2019-04-06 07:54:56	1	0	1	0
       29	2019-04-06 09:43:12	1	0	1	0
       32	2019-04-06 10:02:18	1	0	1	0
       33	2019-04-06 10:10:22	1	0	1	0
        1	2019-04-06 10:10:32	1	0	1	0
       32	2019-04-06 10:11:12	1	1	1	0
       32	2019-04-06 10:11:17	1	0	1	0
       29	2019-04-06 10:35:12	1	1	1	0
       29	2019-04-06 10:35:17	1	0	1	0
       33	2019-04-06 11:31:16	1	1	1	0
       27	2019-04-06 11:48:50	1	0	1	0
       48	2019-04-06 12:38:03	1	0	1	0
     1060	2019-04-06 12:42:31	1	1	1	0
       33	2019-04-06 13:18:33	1	0	1	0
     1060	2019-04-06 13:23:33	1	0	1	0
        1	2019-04-06 13:36:27	1	1	1	0
       28	2019-04-06 16:26:27	1	0	1	0
       29	2019-04-06 16:53:57	1	1	1	0
       28	2019-04-06 17:03:27	1	1	1	0
       33	2019-04-06 17:19:36	1	1	1	0
       48	2019-04-06 18:53:02	1	1	1	0
       27	2019-04-06 18:53:38	1	1	1	0
     1060	2019-04-06 18:53:44	1	1	1	0
       44	2019-04-08 08:19:11	1	0	1	0
        6	2019-04-08 08:40:02	1	0	1	0
       24	2019-04-08 08:43:16	1	0	1	0
       41	2019-04-08 08:47:41	1	0	1	0
       33	2019-04-08 08:52:53	1	0	1	0
       32	2019-04-08 08:55:48	1	0	1	0
        5	2019-04-08 08:58:39	1	0	1	0
       47	2019-04-08 09:10:19	1	0	1	0
       17	2019-04-08 09:37:39	1	0	1	0
       48	2019-04-08 09:56:00	1	0	1	0
        3	2019-04-08 09:56:10	1	0	1	0
       29	2019-04-08 10:07:03	1	0	1	0
        1	2019-04-08 10:16:40	1	0	1	0
     1054	2019-04-08 10:24:21	1	0	1	0
       28	2019-04-08 10:27:59	1	0	1	0
        9	2019-04-08 10:39:14	1	0	1	0
     1079	2019-04-08 10:40:41	1	0	1	0
     1060	2019-04-08 11:16:32	1	0	1	0
       27	2019-04-08 11:31:52	1	0	1	0
        1	2019-04-08 11:32:22	1	1	1	0
       17	2019-04-08 11:58:21	1	1	1	0
       24	2019-04-08 11:58:26	1	1	1	0
       48	2019-04-08 12:13:13	1	1	1	0
     1060	2019-04-08 12:17:11	1	1	1	0
       33	2019-04-08 12:21:43	1	1	1	0
        6	2019-04-08 12:23:07	1	1	1	0
     1079	2019-04-08 12:31:16	1	1	1	0
       44	2019-04-08 12:37:06	1	1	1	0
       48	2019-04-08 12:50:09	1	0	1	0
       17	2019-04-08 12:59:32	1	0	1	0
       33	2019-04-08 13:02:56	1	0	1	0
        6	2019-04-08 13:04:04	1	0	1	0
       44	2019-04-08 13:36:50	1	0	1	0
       28	2019-04-08 13:48:20	1	1	1	0
     1031	2019-04-08 13:57:02	1	1	1	0
     1031	2019-04-08 13:57:08	1	0	1	0
     1079	2019-04-08 14:11:41	1	0	1	0
        1	2019-04-08 14:13:50	1	0	1	0
       28	2019-04-08 14:58:56	1	0	1	0
     1079	2019-04-08 15:14:12	1	1	1	0
        9	2019-04-08 16:45:10	1	1	1	0
       33	2019-04-08 16:54:28	1	1	1	0
     1060	2019-04-08 16:57:00	1	0	1	0
       47	2019-04-08 17:03:36	1	1	1	0
       41	2019-04-08 17:20:06	1	1	1	0
     1031	2019-04-08 17:44:47	1	1	1	0
     1054	2019-04-08 17:45:07	1	1	1	0
       48	2019-04-08 17:45:19	1	1	1	0
       28	2019-04-08 18:11:58	1	1	1	0
        6	2019-04-08 18:36:21	1	1	1	0
        5	2019-04-08 18:36:29	1	1	1	0
       29	2019-04-08 18:38:20	1	1	1	0
       32	2019-04-08 18:47:59	1	1	1	0
       27	2019-04-08 18:49:04	1	1	1	0
        1	2019-04-08 19:16:40	1	1	1	0
        3	2019-04-08 19:19:16	1	1	1	0
       44	2019-04-08 19:47:07	1	1	1	0
       33	2019-04-09 07:31:44	1	0	1	0
     1060	2019-04-09 07:48:58	1	0	1	0
       44	2019-04-09 08:07:21	1	0	1	0
       32	2019-04-09 09:01:23	1	0	1	0
        3	2019-04-09 09:09:42	1	0	1	0
        5	2019-04-09 09:09:48	1	0	1	0
     1066	2019-04-09 09:10:00	1	0	1	0
     2051	2019-04-09 09:13:32	1	0	1	0
       28	2019-04-09 09:33:59	1	0	1	0
       48	2019-04-09 09:50:34	1	0	1	0
       41	2019-04-09 10:00:06	1	0	1	0
     1033	2019-04-09 10:00:12	1	0	1	0
       17	2019-04-09 10:12:24	1	0	1	0
     1054	2019-04-09 10:19:51	1	0	1	0
        1	2019-04-09 10:19:57	1	0	1	0
       44	2019-04-09 10:27:02	1	1	1	0
       44	2019-04-09 10:53:11	1	0	1	0
       29	2019-04-09 11:00:47	1	0	1	0
       27	2019-04-09 11:06:06	1	0	1	0
       17	2019-04-09 11:47:51	1	1	1	0
     1078	2019-04-09 12:04:38	1	0	1	0
       28	2019-04-09 12:23:43	1	1	1	0
        6	2019-04-09 12:33:17	1	0	1	0
     1031	2019-04-09 12:36:56	1	0	1	0
       41	2019-04-09 12:49:50	1	1	1	0
       24	2019-04-09 12:53:18	1	0	1	0
       17	2019-04-09 12:53:21	1	0	1	0
     1066	2019-04-09 12:58:24	1	0	1	0
     1030	2019-04-09 12:58:27	1	0	1	0
     1067	2019-04-09 12:58:29	1	0	1	0
     2057	2019-04-09 13:19:24	1	0	1	0
        5	2019-04-09 13:27:31	1	1	1	0
       33	2019-04-09 13:39:03	1	1	1	0
       32	2019-04-09 13:39:09	1	1	1	0
     1060	2019-04-09 13:40:59	1	1	1	0
     1054	2019-04-09 13:42:58	1	0	1	0
       41	2019-04-09 13:46:00	1	0	1	0
        1	2019-04-09 13:48:45	1	1	1	0
        1	2019-04-09 13:55:18	1	0	1	0
       28	2019-04-09 13:59:35	1	0	1	0
        3	2019-04-09 14:16:40	1	1	1	0
     1067	2019-04-09 14:51:10	1	1	1	0
       32	2019-04-09 15:05:54	1	0	1	0
       33	2019-04-09 15:05:55	1	0	1	0
        3	2019-04-09 15:21:28	1	0	1	0
       17	2019-04-09 15:53:39	1	1	1	0
     1031	2019-04-09 15:59:52	1	1	1	0
        1	2019-04-09 16:05:22	1	1	1	0
       48	2019-04-09 16:12:48	1	1	1	0
     1054	2019-04-09 16:14:13	1	1	1	0
     2057	2019-04-09 16:42:15	1	1	1	0
       28	2019-04-09 16:58:55	1	1	1	0
        1	2019-04-09 17:05:58	1	0	1	0
     1078	2019-04-09 17:08:02	1	1	1	0
     1066	2019-04-09 17:10:55	1	1	1	0
       44	2019-04-09 17:16:03	1	1	1	0
     1030	2019-04-09 17:19:31	1	1	1	0
       41	2019-04-09 17:36:57	1	1	1	0
     1033	2019-04-09 17:38:23	1	1	1	0
        1	2019-04-09 18:34:55	1	1	1	0
       32	2019-04-09 18:47:02	1	1	1	0
       27	2019-04-09 18:47:07	1	1	1	0
       29	2019-04-09 18:58:13	1	1	1	0
     2051	2019-04-09 18:58:17	1	1	1	0
       33	2019-04-09 19:03:12	1	1	1	0
        3	2019-04-09 19:35:03	1	1	1	0
       24	2019-04-09 19:56:49	1	1	1	0
     1078	2019-04-10 07:35:57	1	0	1	0
       24	2019-04-10 07:36:25	1	0	1	0
        5	2019-04-10 07:55:03	1	0	1	0
       33	2019-04-10 08:02:26	1	0	1	0
     1060	2019-04-10 08:14:24	1	0	1	0
       44	2019-04-10 08:21:29	1	0	1	0
       32	2019-04-10 08:45:04	1	0	1	0
     2051	2019-04-10 08:48:09	1	0	1	0
        6	2019-04-10 08:53:03	1	0	1	0
       47	2019-04-10 09:05:45	1	0	1	0
     1033	2019-04-10 09:14:47	1	0	1	0
       41	2019-04-10 09:16:56	1	0	1	0
     1066	2019-04-10 09:18:55	1	0	1	0
     1030	2019-04-10 09:21:46	1	0	1	0
       29	2019-04-10 09:33:51	1	0	1	0
       48	2019-04-10 09:34:23	1	0	1	0
       17	2019-04-10 09:42:16	1	0	1	0
       41	2019-04-10 09:43:55	1	1	1	0
       24	2019-04-10 09:50:02	1	1	1	0
       24	2019-04-10 09:50:07	1	0	1	0
        1	2019-04-10 09:54:00	1	0	1	0
        3	2019-04-10 09:57:12	1	0	1	0
     1067	2019-04-10 10:02:24	1	0	1	0
     1054	2019-04-10 10:02:33	1	0	1	0
       27	2019-04-10 11:48:14	1	0	1	0
       42	2019-04-10 12:01:17	1	0	1	0
       28	2019-04-10 12:16:08	1	0	1	0
     1045	2019-04-10 12:26:13	1	0	1	0
       48	2019-04-10 12:49:33	1	1	1	0
       48	2019-04-10 12:49:39	1	0	1	0
       42	2019-04-10 12:52:48	1	1	1	0
        5	2019-04-10 13:24:51	1	1	1	0
        6	2019-04-10 13:24:58	1	1	1	0
       24	2019-04-10 13:36:50	1	0	1	0
       17	2019-04-10 13:37:01	1	1	1	0
       17	2019-04-10 13:37:06	1	0	1	0
     1079	2019-04-10 13:43:32	1	0	1	0
     1060	2019-04-10 13:47:57	1	1	1	0
        6	2019-04-10 13:54:50	1	0	1	0
       41	2019-04-10 14:11:30	1	0	1	0
     2057	2019-04-10 14:27:07	1	0	1	0
     1031	2019-04-10 14:57:15	1	0	1	0
     1054	2019-04-10 14:57:17	1	0	1	0
     1067	2019-04-10 15:08:49	1	1	1	0
       47	2019-04-10 15:23:27	1	1	1	0
       28	2019-04-10 15:29:52	1	5	1	0
       28	2019-04-10 15:29:58	1	1	1	0
       47	2019-04-10 15:43:56	1	0	1	0
       28	2019-04-10 16:40:41	1	0	1	0
       33	2019-04-10 17:02:37	1	1	1	0
       41	2019-04-10 17:07:28	1	1	1	0
     1031	2019-04-10 17:08:25	1	1	1	0
       48	2019-04-10 17:10:21	1	1	1	0
     1066	2019-04-10 17:22:27	1	1	1	0
        5	2019-04-10 17:23:43	1	1	1	0
       17	2019-04-10 17:29:01	1	1	1	0
       28	2019-04-10 17:30:12	1	0	1	0
       47	2019-04-10 17:35:48	1	1	1	0
       32	2019-04-10 17:37:12	1	1	1	0
       27	2019-04-10 17:37:36	1	1	1	0
     2051	2019-04-10 17:44:05	1	1	1	0
       24	2019-04-10 17:47:11	1	1	1	0
       28	2019-04-10 18:19:29	1	1	1	0
        6	2019-04-10 18:21:28	1	1	1	0
     1033	2019-04-10 18:21:45	1	1	1	0
     1030	2019-04-10 18:36:00	1	1	1	0
       44	2019-04-10 18:36:27	1	1	1	0
       29	2019-04-10 18:40:01	1	1	1	0
     1045	2019-04-10 19:13:24	1	1	1	0
        3	2019-04-10 19:48:01	1	1	1	0
     1078	2019-04-11 07:39:20	1	0	1	0
     1060	2019-04-11 07:42:45	1	0	1	0
       28	2019-04-11 08:01:49	1	0	1	0
       33	2019-04-11 08:04:51	1	0	1	0
       44	2019-04-11 08:25:38	1	0	1	0
        6	2019-04-11 08:35:22	1	0	1	0
     1033	2019-04-11 08:39:31	1	0	1	0
       47	2019-04-11 08:49:19	1	0	1	0
       24	2019-04-11 08:58:52	1	0	1	0
     2051	2019-04-11 09:10:27	1	0	1	0
       32	2019-04-11 09:13:32	1	0	1	0
       41	2019-04-11 09:19:25	1	0	1	0
        5	2019-04-11 09:19:31	1	0	1	0
     1030	2019-04-11 09:26:03	1	0	1	0
     1067	2019-04-11 09:34:25	1	0	1	0
        1	2019-04-11 09:36:25	1	0	1	0
     1066	2019-04-11 09:38:36	1	0	1	0
     1054	2019-04-11 09:42:53	1	0	1	0
        3	2019-04-11 09:45:39	1	0	1	0
       48	2019-04-11 09:49:04	1	0	1	0
       17	2019-04-11 09:49:41	1	0	1	0
       29	2019-04-11 10:33:29	1	0	1	0
       24	2019-04-11 10:38:13	1	1	1	0
       17	2019-04-11 10:38:15	1	1	1	0
        9	2019-04-11 11:03:48	1	0	1	0
        1	2019-04-11 11:05:09	1	1	1	0
       27	2019-04-11 11:06:08	1	0	1	0
       24	2019-04-11 11:14:18	1	0	1	0
       17	2019-04-11 11:14:20	1	0	1	0
       42	2019-04-11 11:23:50	1	0	1	0
       42	2019-04-11 11:23:51	1	0	1	0
       42	2019-04-11 11:24:07	1	1	1	0
       42	2019-04-11 11:24:16	1	0	1	0
     1060	2019-04-11 11:34:56	1	1	1	0
     1030	2019-04-11 12:01:06	1	1	1	0
     1078	2019-04-11 12:01:17	1	1	1	0
     1066	2019-04-11 12:01:20	1	1	1	0
        5	2019-04-11 12:06:24	1	1	1	0
       44	2019-04-11 12:13:29	1	1	1	0
       17	2019-04-11 12:23:16	1	1	1	0
       24	2019-04-11 12:24:31	1	1	1	0
     1054	2019-04-11 12:25:39	1	1	1	0
       28	2019-04-11 12:29:54	1	1	1	0
        5	2019-04-11 12:37:40	1	0	1	0
     1054	2019-04-11 12:54:15	1	0	1	0
     1060	2019-04-11 13:18:41	1	0	1	0
       24	2019-04-11 13:30:00	1	0	1	0
       17	2019-04-11 13:30:04	1	0	1	0
       28	2019-04-11 13:30:06	1	0	1	0
     1066	2019-04-11 13:57:34	1	0	1	0
     1030	2019-04-11 13:57:38	1	0	1	0
     1067	2019-04-11 13:57:40	1	0	1	0
        3	2019-04-11 14:39:19	1	1	1	0
     1078	2019-04-11 14:49:33	1	0	1	0
        1	2019-04-11 15:05:25	1	0	1	0
        3	2019-04-11 15:24:27	1	0	1	0
     1060	2019-04-11 15:30:37	1	1	1	0
       48	2019-04-11 15:51:31	1	1	1	0
       42	2019-04-11 16:16:07	1	1	1	0
       32	2019-04-11 16:19:22	1	1	1	0
       32	2019-04-11 16:44:57	1	0	1	0
     1033	2019-04-11 17:06:13	1	1	1	0
        9	2019-04-11 17:09:53	1	1	1	0
     1067	2019-04-11 17:15:04	1	1	1	0
     1066	2019-04-11 17:20:59	1	1	1	0
       47	2019-04-11 17:24:40	1	1	1	0
       33	2019-04-11 17:34:44	1	1	1	0
       17	2019-04-11 17:49:25	1	1	1	0
        1	2019-04-11 17:56:52	1	1	1	0
       24	2019-04-11 17:57:51	1	1	1	0
       44	2019-04-11 18:06:55	1	1	1	0
        6	2019-04-11 18:27:51	1	1	1	0
       29	2019-04-11 18:46:50	1	1	1	0
       32	2019-04-11 18:47:37	1	1	1	0
     2051	2019-04-11 18:47:48	1	1	1	0
       27	2019-04-11 18:49:25	1	1	1	0
        5	2019-04-11 19:14:54	1	1	1	0
       28	2019-04-11 19:18:01	1	1	1	0
        3	2019-04-11 19:41:46	1	1	1	0
       44	2019-04-12 08:23:39	1	0	1	0
     1060	2019-04-12 08:25:57	1	0	1	0
     2051	2019-04-12 08:32:04	1	0	1	0
        6	2019-04-12 08:50:54	1	0	1	0
       47	2019-04-12 08:55:45	1	0	1	0
     1066	2019-04-12 08:55:50	1	0	1	0
       32	2019-04-12 09:00:56	1	0	1	0
     2057	2019-04-12 09:10:53	1	0	1	0
     1078	2019-04-12 09:15:32	1	0	1	0
       29	2019-04-12 09:15:41	1	0	1	0
        3	2019-04-12 09:15:45	1	0	1	0
       48	2019-04-12 09:35:09	1	0	1	0
     1054	2019-04-12 09:39:27	1	0	1	0
     1033	2019-04-12 09:41:59	1	0	1	0
     1067	2019-04-12 09:51:49	1	0	1	0
       42	2019-04-12 10:06:02	1	0	1	0
       33	2019-04-12 10:08:37	1	0	1	0
       41	2019-04-12 10:16:00	1	0	1	0
     1079	2019-04-12 10:27:28	1	0	1	0
        1	2019-04-12 10:31:16	1	0	1	0
       24	2019-04-12 10:31:19	1	0	1	0
       27	2019-04-12 10:42:04	1	0	1	0
     1060	2019-04-12 10:50:57	1	1	1	0
     2051	2019-04-12 10:51:03	1	1	1	0
     2051	2019-04-12 10:51:08	1	0	1	0
     1031	2019-04-12 11:01:43	1	0	1	0
       42	2019-04-12 11:14:49	1	1	1	0
     1060	2019-04-12 11:55:31	1	0	1	0
     1079	2019-04-12 11:59:43	1	1	1	0
     1054	2019-04-12 12:12:48	1	1	1	0
     2057	2019-04-12 12:12:53	1	1	1	0
        3	2019-04-12 12:13:00	1	1	1	0
       47	2019-04-12 12:47:49	1	1	1	0
       41	2019-04-12 12:48:09	1	1	1	0
     1078	2019-04-12 12:48:12	1	1	1	0
     1033	2019-04-12 12:48:15	1	1	1	0
     1045	2019-04-12 13:03:28	1	0	1	0
       48	2019-04-12 13:05:56	1	1	1	0
        5	2019-04-12 13:11:00	1	0	1	0
     1031	2019-04-12 13:22:00	1	1	1	0
       48	2019-04-12 13:23:35	1	0	1	0
       28	2019-04-12 13:40:38	1	0	1	0
       32	2019-04-12 13:50:24	1	1	1	0
       33	2019-04-12 13:50:27	1	1	1	0
       44	2019-04-12 13:51:32	1	0	1	0
     1079	2019-04-12 13:58:12	1	0	1	0
       47	2019-04-12 14:06:24	1	0	1	0
     1031	2019-04-12 14:10:49	1	0	1	0
       24	2019-04-12 14:13:32	1	1	1	0
       24	2019-04-12 14:13:38	1	0	1	0
       17	2019-04-12 14:13:40	1	0	1	0
       17	2019-04-12 14:13:46	1	1	1	0
       17	2019-04-12 14:13:51	1	0	1	0
       32	2019-04-12 14:17:33	1	0	1	0
       33	2019-04-12 14:17:35	1	0	1	0
     1033	2019-04-12 14:17:40	1	0	1	0
       41	2019-04-12 14:17:43	1	0	1	0
        3	2019-04-12 14:28:13	1	0	1	0
     1060	2019-04-12 15:57:05	1	1	1	0
       41	2019-04-12 15:59:23	1	1	1	0
       24	2019-04-12 16:03:07	1	1	1	0
     1067	2019-04-12 16:23:40	1	1	1	0
     1031	2019-04-12 16:48:06	1	1	1	0
       33	2019-04-12 16:52:36	1	1	1	0
     1066	2019-04-12 17:11:03	1	1	1	0
       28	2019-04-12 17:19:01	1	1	1	0
     1079	2019-04-12 17:34:41	1	1	1	0
     2051	2019-04-12 17:35:45	1	1	1	0
       47	2019-04-12 17:47:41	1	1	1	0
       44	2019-04-12 17:47:50	1	1	1	0
     1045	2019-04-12 18:00:50	1	1	1	0
       48	2019-04-12 18:06:32	1	1	1	0
       32	2019-04-12 18:06:37	1	1	1	0
       27	2019-04-12 18:06:42	1	1	1	0
        1	2019-04-12 18:06:51	1	1	1	0
        6	2019-04-12 18:10:10	1	1	1	0
        5	2019-04-12 18:24:01	1	1	1	0
        3	2019-04-12 18:28:31	1	1	1	0
       29	2019-04-12 18:59:42	1	1	1	0
       17	2019-04-12 19:06:40	1	1	1	0
     1033	2019-04-12 19:25:52	1	1	1	0
        5	2019-04-13 08:18:20	1	0	1	0
     1066	2019-04-13 08:23:31	1	0	1	0
       33	2019-04-13 08:32:00	1	0	1	0
        6	2019-04-13 08:50:28	1	0	1	0
       28	2019-04-13 09:24:51	1	0	1	0
     1079	2019-04-13 09:49:42	1	0	1	0
     2051	2019-04-13 10:31:09	1	0	1	0
     1031	2019-04-13 10:43:14	1	0	1	0
       32	2019-04-13 10:43:16	1	0	1	0
     1054	2019-04-13 10:43:25	1	0	1	0
     1079	2019-04-13 11:25:25	1	1	1	0
       48	2019-04-13 12:32:27	1	0	1	0
       33	2019-04-13 12:58:27	1	1	1	0
       33	2019-04-13 12:58:32	1	0	1	0
     1060	2019-04-13 13:13:14	1	0	1	0
     1031	2019-04-13 13:22:16	1	1	1	0
     1054	2019-04-13 13:23:03	1	1	1	0
     1031	2019-04-13 14:35:58	1	0	1	0
     1054	2019-04-13 14:36:02	1	0	1	0
       33	2019-04-13 15:36:23	1	1	1	0
     1078	2019-04-13 16:26:16	1	1	1	0
     1066	2019-04-13 17:21:40	1	1	1	0
       32	2019-04-13 17:37:12	1	1	1	0
       48	2019-04-13 17:37:33	1	1	1	0
     1054	2019-04-13 17:55:06	1	1	1	0
     1031	2019-04-13 17:55:16	1	1	1	0
        6	2019-04-13 18:28:53	1	1	1	0
        5	2019-04-13 18:29:10	1	1	1	0
     1060	2019-04-13 19:12:12	1	1	1	0
       44	2019-04-15 08:20:16	1	0	1	0
     1033	2019-04-15 08:36:55	1	0	1	0
        6	2019-04-15 08:37:55	1	0	1	0
     2051	2019-04-15 08:59:07	1	0	1	0
       32	2019-04-15 09:13:47	1	0	1	0
       33	2019-04-15 09:13:54	1	0	1	0
     1067	2019-04-15 09:13:57	1	0	1	0
       24	2019-04-15 09:21:10	1	0	1	0
        5	2019-04-15 09:25:02	1	0	1	0
        1	2019-04-15 09:26:45	1	0	1	0
        3	2019-04-15 09:42:26	1	0	1	0
       28	2019-04-15 09:48:20	1	0	1	0
       29	2019-04-15 09:48:22	1	0	1	0
       41	2019-04-15 09:57:32	1	0	1	0
       48	2019-04-15 10:05:38	1	0	1	0
     1079	2019-04-15 10:19:36	1	0	1	0
       47	2019-04-15 10:24:04	1	0	1	0
       27	2019-04-15 10:38:01	1	0	1	0
     1033	2019-04-15 11:08:03	1	1	1	0
       28	2019-04-15 11:08:05	1	1	1	0
        8	2019-04-15 11:31:52	1	0	1	0
        7	2019-04-15 11:31:58	1	0	1	0
       10	2019-04-15 11:35:40	1	0	1	0
        9	2019-04-15 11:35:59	1	0	1	0
       11	2019-04-15 11:37:02	1	0	1	0
       42	2019-04-15 11:50:43	1	0	1	0
       28	2019-04-15 12:04:21	1	0	1	0
     1033	2019-04-15 12:07:52	1	0	1	0
       32	2019-04-15 12:11:58	1	1	1	0
        1	2019-04-15 12:12:32	1	1	1	0
       24	2019-04-15 12:14:38	1	1	1	0
       10	2019-04-15 12:23:35	1	1	1	0
       10	2019-04-15 12:23:37	1	1	1	0
     1066	2019-04-15 12:43:36	1	0	1	0
     1079	2019-04-15 12:49:39	1	1	1	0
     1060	2019-04-15 12:55:59	1	0	1	0
       32	2019-04-15 13:26:55	1	0	1	0
        1	2019-04-15 13:28:51	1	0	1	0
       24	2019-04-15 13:39:53	1	0	1	0
        8	2019-04-15 13:48:50	1	1	1	0
        7	2019-04-15 13:48:57	1	1	1	0
       44	2019-04-15 13:58:50	1	0	1	0
     1067	2019-04-15 14:04:23	1	0	1	0
     1067	2019-04-15 14:07:19	1	1	1	0
     1079	2019-04-15 14:10:21	1	0	1	0
       28	2019-04-15 14:33:16	1	1	1	0
        7	2019-04-15 14:34:36	1	0	1	0
        8	2019-04-15 14:34:40	1	0	1	0
     1079	2019-04-15 15:11:21	1	1	1	0
       28	2019-04-15 15:24:41	1	0	1	0
        7	2019-04-15 15:55:50	1	1	1	0
        8	2019-04-15 15:55:53	1	1	1	0
       42	2019-04-15 15:57:25	1	1	1	0
     1045	2019-04-15 16:32:21	1	0	1	0
       48	2019-04-15 17:06:51	1	1	1	0
     1066	2019-04-15 17:16:08	1	1	1	0
        9	2019-04-15 17:19:10	1	1	1	0
       41	2019-04-15 17:21:33	1	1	1	0
     1033	2019-04-15 17:21:38	1	1	1	0
       29	2019-04-15 18:09:55	1	1	1	0
        3	2019-04-15 18:10:22	1	1	1	0
       47	2019-04-15 18:33:24	1	1	1	0
        5	2019-04-15 18:33:31	1	1	1	0
        6	2019-04-15 18:34:39	1	1	1	0
        1	2019-04-15 19:12:05	1	1	1	0
     1060	2019-04-16 07:45:05	1	0	1	0
       33	2019-04-16 07:56:17	1	0	1	0
       44	2019-04-16 08:06:51	1	0	1	0
        5	2019-04-16 08:15:50	1	0	1	0
        7	2019-04-16 08:44:03	1	0	1	0
     1067	2019-04-16 08:51:05	1	0	1	0
        6	2019-04-16 08:53:14	1	0	1	0
       32	2019-04-16 09:01:36	1	0	1	0
       28	2019-04-16 09:02:34	1	0	1	0
     1066	2019-04-16 09:06:47	1	0	1	0
     2051	2019-04-16 09:09:26	1	0	1	0
     1033	2019-04-16 09:12:55	1	0	1	0
       28	2019-04-16 09:33:41	1	1	1	0
       48	2019-04-16 09:40:55	1	0	1	0
        3	2019-04-16 09:42:12	1	0	1	0
       27	2019-04-16 09:50:08	1	0	1	0
       28	2019-04-16 09:50:19	1	0	1	0
       29	2019-04-16 09:56:14	1	0	1	0
       41	2019-04-16 09:56:29	1	0	1	0
     2057	2019-04-16 10:01:32	1	0	1	0
        1	2019-04-16 10:07:41	1	0	1	0
       24	2019-04-16 10:42:44	1	0	1	0
     1079	2019-04-16 10:45:12	1	0	1	0
       47	2019-04-16 10:51:21	1	0	1	0
       42	2019-04-16 11:14:07	1	0	1	0
        8	2019-04-16 11:36:14	1	0	1	0
     1060	2019-04-16 11:49:48	1	1	1	0
     1078	2019-04-16 11:56:33	1	0	1	0
     2057	2019-04-16 11:57:40	1	1	1	0
     1031	2019-04-16 12:18:25	1	0	1	0
       10	2019-04-16 12:37:47	1	0	1	0
        1	2019-04-16 13:02:31	1	1	1	0
       48	2019-04-16 13:13:46	1	1	1	0
       48	2019-04-16 13:13:53	1	0	1	0
     1060	2019-04-16 13:16:52	1	0	1	0
       44	2019-04-16 13:31:41	1	0	1	0
        1	2019-04-16 13:48:51	1	0	1	0
     1054	2019-04-16 13:51:29	1	0	1	0
     1067	2019-04-16 14:20:18	1	1	1	0
     1033	2019-04-16 14:34:53	1	1	1	0
     2057	2019-04-16 14:40:41	1	0	1	0
     1031	2019-04-16 15:02:57	1	0	1	0
        3	2019-04-16 15:06:10	1	0	1	0
        3	2019-04-16 15:06:17	1	1	1	0
     1079	2019-04-16 15:15:58	1	1	1	0
     1045	2019-04-16 15:32:44	1	0	1	0
       28	2019-04-16 15:50:25	1	1	1	0
        3	2019-04-16 15:59:16	1	0	1	0
       28	2019-04-16 16:18:11	1	0	1	0
       47	2019-04-16 16:52:13	1	1	1	0
     2051	2019-04-16 16:57:53	1	1	1	0
        7	2019-04-16 16:58:26	1	1	1	0
        8	2019-04-16 16:58:29	1	1	1	0
       32	2019-04-16 16:58:53	1	1	1	0
       27	2019-04-16 16:58:59	1	1	1	0
     2057	2019-04-16 17:08:43	1	1	1	0
     1066	2019-04-16 17:10:08	1	1	1	0
       10	2019-04-16 17:10:15	1	1	1	0
       42	2019-04-16 17:22:28	1	1	1	0
       33	2019-04-16 17:38:38	1	1	1	0
       24	2019-04-16 17:46:13	1	1	1	0
       28	2019-04-16 17:53:25	1	1	1	0
       28	2019-04-16 17:55:54	1	1	1	0
     1060	2019-04-16 18:05:34	1	1	1	0
        6	2019-04-16 18:45:43	1	1	1	0
     1031	2019-04-16 18:48:27	1	1	1	0
        5	2019-04-16 18:48:55	1	1	1	0
       29	2019-04-16 18:49:01	1	1	1	0
       48	2019-04-16 18:56:38	1	1	1	0
       44	2019-04-16 19:02:23	1	1	1	0
        1	2019-04-16 19:11:57	1	1	1	0
        1	2019-04-16 19:13:13	1	1	1	0
       41	2019-04-16 19:28:43	1	1	1	0
        3	2019-04-16 19:38:15	1	1	1	0
        7	2019-04-17 08:16:15	1	0	1	0
        6	2019-04-17 08:28:20	1	0	1	0
       24	2019-04-17 08:31:21	1	0	1	0
       33	2019-04-17 08:35:09	1	0	1	0
       10	2019-04-17 08:47:50	1	0	1	0
     2051	2019-04-17 08:51:23	1	0	1	0
        8	2019-04-17 08:53:27	1	0	1	0
       28	2019-04-17 08:56:23	1	0	1	0
        5	2019-04-17 08:56:28	1	0	1	0
        1	2019-04-17 08:58:54	1	0	1	0
     1078	2019-04-17 09:14:56	1	0	1	0
        3	2019-04-17 09:27:34	1	0	1	0
       41	2019-04-17 09:52:23	1	0	1	0
       47	2019-04-17 09:58:10	1	0	1	0
       42	2019-04-17 10:16:34	1	0	1	0
       48	2019-04-17 10:30:54	1	0	1	0
        9	2019-04-17 10:33:35	1	0	1	0
       29	2019-04-17 10:47:58	1	0	1	0
     1067	2019-04-17 11:14:41	1	0	1	0
       24	2019-04-17 11:29:55	1	1	1	0
     1030	2019-04-17 11:56:48	1	0	1	0
       10	2019-04-17 12:09:13	1	0	1	0
       44	2019-04-17 12:26:37	1	1	1	0
        1	2019-04-17 12:27:54	1	1	1	0
     1066	2019-04-17 12:39:03	1	0	1	0
     1033	2019-04-17 12:39:08	1	0	1	0
        7	2019-04-17 12:44:10	1	1	1	0
        8	2019-04-17 12:44:23	1	1	1	0
        9	2019-04-17 12:48:49	1	1	1	0
     1060	2019-04-17 12:59:36	1	0	1	0
       13	2019-04-17 13:03:11	1	1	1	0
       14	2019-04-17 13:04:14	1	1	1	0
        1	2019-04-17 13:17:25	1	0	1	0
       28	2019-04-17 13:18:12	1	1	1	0
     1033	2019-04-17 13:18:20	1	1	1	0
       41	2019-04-17 13:18:28	1	1	1	0
       14	2019-04-17 13:30:26	1	0	1	0
       13	2019-04-17 13:30:31	1	0	1	0
        6	2019-04-17 13:36:47	1	1	1	0
       44	2019-04-17 13:51:10	1	0	1	0
     1054	2019-04-17 13:51:31	1	0	1	0
        8	2019-04-17 14:08:15	1	0	1	0
     1033	2019-04-17 14:17:22	1	0	1	0
       41	2019-04-17 14:23:42	1	0	1	0
       28	2019-04-17 14:23:57	1	0	1	0
        7	2019-04-17 14:24:14	1	0	1	0
        6	2019-04-17 14:24:26	1	0	1	0
     1033	2019-04-17 14:24:54	1	1	1	0
        9	2019-04-17 14:25:22	1	0	1	0
        9	2019-04-17 14:29:32	1	1	1	0
        3	2019-04-17 14:35:31	1	1	1	0
     1060	2019-04-17 15:06:00	1	1	1	0
        3	2019-04-17 15:38:30	1	0	1	0
        5	2019-04-17 15:54:58	1	1	1	0
       28	2019-04-17 15:56:59	1	1	1	0
     1030	2019-04-17 15:57:04	1	1	1	0
       48	2019-04-17 16:06:33	1	1	1	0
     1067	2019-04-17 16:13:43	1	1	1	0
       44	2019-04-17 16:26:07	1	1	1	0
       48	2019-04-17 16:29:42	1	0	1	0
       14	2019-04-17 16:46:31	1	1	1	0
       12	2019-04-17 16:46:35	1	1	1	0
     1030	2019-04-17 16:57:10	1	0	1	0
       41	2019-04-17 17:04:13	1	1	1	0
       42	2019-04-17 17:05:23	1	1	1	0
       48	2019-04-17 17:08:54	1	1	1	0
     1030	2019-04-17 17:14:42	1	1	1	0
     2051	2019-04-17 17:16:56	1	1	1	0
       47	2019-04-17 17:18:59	1	1	1	0
       33	2019-04-17 17:20:40	1	1	1	0
        6	2019-04-17 18:37:34	1	1	1	0
       29	2019-04-17 18:52:44	1	1	1	0
       13	2019-04-17 18:54:48	1	1	1	0
     1078	2019-04-17 18:58:44	1	1	1	0
        1	2019-04-17 19:32:50	1	1	1	0
        3	2019-04-17 19:47:34	1	1	1	0
       33	2019-04-18 07:00:10	1	1	1	0
       33	2019-04-18 07:00:24	1	0	1	0
     1083	2019-04-18 07:58:13	1	0	1	0
        5	2019-04-18 08:01:20	1	0	1	0
       10	2019-04-18 08:18:24	1	0	1	0
       50	2019-04-18 08:19:13	1	0	1	0
        7	2019-04-18 08:25:07	1	0	1	0
       14	2019-04-18 08:27:51	1	0	1	0
        6	2019-04-18 08:36:23	1	0	1	0
        8	2019-04-18 08:40:42	1	0	1	0
     1083	2019-04-18 08:44:10	1	0	1	0
     1083	2019-04-18 08:44:15	1	1	1	0
       44	2019-04-18 08:45:35	1	0	1	0
     1078	2019-04-18 08:45:48	1	0	1	0
     2051	2019-04-18 08:47:29	1	0	1	0
       12	2019-04-18 08:47:33	1	0	1	0
       32	2019-04-18 08:49:13	1	0	1	0
     2057	2019-04-18 09:01:19	1	0	1	0
     1066	2019-04-18 09:01:23	1	0	1	0
     1081	2019-04-18 09:04:21	1	0	1	0
     1060	2019-04-18 09:11:53	1	0	1	0
     1083	2019-04-18 09:22:34	1	0	1	0
     1067	2019-04-18 09:27:18	1	0	1	0
     1030	2019-04-18 09:31:44	1	0	1	0
       49	2019-04-18 09:33:26	1	0	1	0
     1060	2019-04-18 09:45:47	1	1	1	0
       48	2019-04-18 09:50:59	1	0	1	0
        1	2019-04-18 09:52:59	1	0	1	0
       29	2019-04-18 09:53:04	1	0	1	0
     1033	2019-04-18 09:58:52	1	0	1	0
       41	2019-04-18 10:02:20	1	0	1	0
     1060	2019-04-18 10:02:24	1	0	1	0
        3	2019-04-18 10:10:06	1	0	1	0
       28	2019-04-18 10:32:58	1	0	1	0
       42	2019-04-18 10:33:03	1	0	1	0
     1079	2019-04-18 10:47:38	1	0	1	0
       27	2019-04-18 11:12:51	1	0	1	0
     1033	2019-04-18 11:21:49	1	1	1	0
       10	2019-04-18 12:12:51	1	0	1	0
       33	2019-04-18 12:21:35	1	1	1	0
       33	2019-04-18 12:21:36	1	1	1	0
       44	2019-04-18 12:23:45	1	1	1	0
     1083	2019-04-18 12:44:17	1	1	1	0
     1081	2019-04-18 12:45:47	1	1	1	0
     1031	2019-04-18 12:45:59	1	0	1	0
       49	2019-04-18 12:50:16	1	0	1	0
        1	2019-04-18 12:55:21	1	1	1	0
       15	2019-04-18 13:10:06	1	0	1	0
     1060	2019-04-18 13:20:19	1	1	1	0
       14	2019-04-18 13:21:03	1	1	1	0
       48	2019-04-18 13:32:42	1	1	1	0
        8	2019-04-18 13:38:12	1	1	1	0
        7	2019-04-18 13:38:17	1	1	1	0
     1081	2019-04-18 13:39:19	1	0	1	0
     1083	2019-04-18 13:39:24	1	0	1	0
       28	2019-04-18 13:43:22	1	1	1	0
     1054	2019-04-18 14:11:07	1	0	1	0
        3	2019-04-18 14:12:30	1	1	1	0
        5	2019-04-18 14:23:16	1	1	1	0
       44	2019-04-18 14:28:06	1	0	1	0
        7	2019-04-18 14:43:57	1	0	1	0
        8	2019-04-18 14:44:00	1	0	1	0
       12	2019-04-18 14:44:06	1	0	1	0
       28	2019-04-18 14:46:34	1	0	1	0
       49	2019-04-18 14:46:39	1	0	1	0
       50	2019-04-18 14:46:56	1	1	1	0
       50	2019-04-18 14:47:01	1	0	1	0
        2	2019-04-18 14:47:04	1	0	1	0
     1078	2019-04-18 15:02:13	1	1	1	0
       48	2019-04-18 15:08:07	1	0	1	0
        3	2019-04-18 15:13:10	1	0	1	0
     1045	2019-04-18 16:12:47	1	0	1	0
       41	2019-04-18 16:13:44	1	1	1	0
        1	2019-04-18 16:26:21	1	0	1	0
     1079	2019-04-18 16:48:03	1	1	1	0
     1060	2019-04-18 17:01:18	1	0	1	0
     1067	2019-04-18 17:10:07	1	1	1	0
       42	2019-04-18 17:15:49	1	1	1	0
       42	2019-04-18 17:19:32	1	1	1	0
     1066	2019-04-18 17:21:07	1	1	1	0
     1030	2019-04-18 17:30:51	1	1	1	0
        8	2019-04-18 17:31:22	1	1	1	0
        7	2019-04-18 17:31:27	1	1	1	0
     1083	2019-04-18 17:38:28	1	1	1	0
     1081	2019-04-18 17:38:35	1	1	1	0
     2051	2019-04-18 17:47:28	1	1	1	0
       49	2019-04-18 18:17:02	1	1	1	0
       48	2019-04-18 18:27:03	1	1	1	0
       44	2019-04-18 18:33:48	1	1	1	0
        3	2019-04-18 18:38:54	1	1	1	0
     2057	2019-04-18 19:02:56	1	1	1	0
       29	2019-04-18 19:14:33	1	1	1	0
        1	2019-04-18 19:18:22	1	1	1	0
     1060	2019-04-18 19:23:46	1	1	1	0
        2	2019-04-18 19:48:00	1	1	1	0
       28	2019-04-18 19:53:04	1	1	1	0
       28	2019-04-18 19:53:22	1	1	1	0
       33	2019-04-19 07:31:12	1	0	1	0
     1083	2019-04-19 07:49:32	1	0	1	0
       28	2019-04-19 07:52:36	1	0	1	0
       49	2019-04-19 08:29:02	1	0	1	0
       50	2019-04-19 08:29:33	1	0	1	0
       47	2019-04-19 08:31:50	1	0	1	0
        5	2019-04-19 08:31:55	1	0	1	0
       44	2019-04-19 08:34:35	1	0	1	0
     1078	2019-04-19 08:34:39	1	0	1	0
        8	2019-04-19 08:36:27	1	0	1	0
        7	2019-04-19 08:41:04	1	0	1	0
     2051	2019-04-19 08:41:21	1	0	1	0
     1083	2019-04-19 08:42:47	1	1	1	0
       13	2019-04-19 08:42:53	1	0	1	0
       32	2019-04-19 08:43:57	1	0	1	0
     1066	2019-04-19 08:47:40	1	0	1	0
       41	2019-04-19 08:56:24	1	0	1	0
        6	2019-04-19 09:00:41	1	0	1	0
     1081	2019-04-19 09:08:53	1	0	1	0
        3	2019-04-19 09:17:31	1	0	1	0
     1083	2019-04-19 09:21:09	1	0	1	0
       48	2019-04-19 09:30:15	1	0	1	0
       42	2019-04-19 09:34:55	1	0	1	0
       42	2019-04-19 09:34:56	1	0	1	0
     1030	2019-04-19 09:44:11	1	0	1	0
       50	2019-04-19 09:51:54	1	1	1	0
       16	2019-04-19 09:55:52	1	0	1	0
     1045	2019-04-19 09:56:00	1	0	1	0
       18	2019-04-19 09:56:59	1	0	1	0
       29	2019-04-19 09:58:23	1	0	1	0
       50	2019-04-19 10:07:12	1	0	1	0
        1	2019-04-19 10:25:11	1	0	1	0
     1033	2019-04-19 10:25:21	1	0	1	0
     1067	2019-04-19 10:39:15	1	0	1	0
       12	2019-04-19 10:39:21	1	0	1	0
       15	2019-04-19 10:39:24	1	0	1	0
       24	2019-04-19 11:08:25	1	0	1	0
     1031	2019-04-19 12:05:32	1	0	1	0
        3	2019-04-19 12:31:36	1	1	1	0
     1083	2019-04-19 12:51:47	1	1	1	0
       10	2019-04-19 12:52:39	1	1	1	0
       44	2019-04-19 13:03:06	1	0	1	0
     1060	2019-04-19 13:10:08	1	0	1	0
       48	2019-04-19 13:10:15	1	0	1	0
       18	2019-04-19 13:15:29	1	1	1	0
       16	2019-04-19 13:15:35	1	1	1	0
       28	2019-04-19 13:20:52	1	1	1	0
       15	2019-04-19 13:22:56	1	1	1	0
     2057	2019-04-19 13:31:19	1	0	1	0
        8	2019-04-19 13:38:50	1	0	1	0
        7	2019-04-19 13:38:52	1	0	1	0
       49	2019-04-19 13:43:19	1	1	1	0
       50	2019-04-19 13:43:23	1	1	1	0
     1066	2019-04-19 14:02:34	1	0	1	0
     1066	2019-04-19 14:02:41	1	1	1	0
     1078	2019-04-19 14:02:51	1	1	1	0
        3	2019-04-19 14:17:12	1	0	1	0
     1081	2019-04-19 14:25:02	1	1	1	0
       50	2019-04-19 14:26:38	1	0	1	0
       49	2019-04-19 14:26:50	1	0	1	0
        8	2019-04-19 14:29:31	1	0	1	0
        7	2019-04-19 14:29:35	1	0	1	0
       28	2019-04-19 14:34:37	1	0	1	0
       42	2019-04-19 14:38:45	1	1	1	0
       19	2019-04-19 14:47:27	1	0	1	0
       19	2019-04-19 14:47:36	1	1	1	0
       13	2019-04-19 14:54:50	1	1	1	0
     1060	2019-04-19 15:03:21	1	1	1	0
     1067	2019-04-19 15:08:18	1	1	1	0
       47	2019-04-19 15:24:31	1	1	1	0
       28	2019-04-19 15:50:29	1	1	1	0
        3	2019-04-19 15:59:20	1	1	1	0
     1033	2019-04-19 16:00:19	1	1	1	0
       33	2019-04-19 16:03:56	1	1	1	0
       28	2019-04-19 16:15:47	1	0	1	0
     2057	2019-04-19 16:33:08	1	0	1	0
     2057	2019-04-19 16:33:13	1	1	1	0
       15	2019-04-19 16:59:49	1	1	1	0
       10	2019-04-19 17:08:57	1	1	1	0
        6	2019-04-19 17:29:03	1	1	1	0
        8	2019-04-19 17:38:31	1	1	1	0
        7	2019-04-19 17:38:40	1	1	1	0
        5	2019-04-19 17:48:45	1	1	1	0
       28	2019-04-19 17:51:27	1	1	1	0
       50	2019-04-19 17:59:23	1	1	1	0
       12	2019-04-19 18:00:20	1	1	1	0
     1030	2019-04-19 18:04:37	1	1	1	0
       24	2019-04-19 18:07:19	1	1	1	0
     2051	2019-04-19 18:11:03	1	0	1	0
     2051	2019-04-19 18:11:11	1	1	1	0
       48	2019-04-19 18:16:25	1	1	1	0
       15	2019-04-19 18:17:35	1	1	1	0
     1045	2019-04-19 18:27:31	1	1	1	0
     1031	2019-04-19 18:31:17	1	1	1	0
       32	2019-04-19 18:39:47	1	1	1	0
       20	2019-04-19 18:41:50	1	1	1	0
       20	2019-04-19 18:41:51	1	1	1	0
       49	2019-04-19 19:03:29	1	1	1	0
       29	2019-04-19 19:08:06	1	1	1	0
     1083	2019-04-19 19:22:15	1	1	1	0
       44	2019-04-19 19:31:45	1	1	1	0
        1	2019-04-19 19:40:29	1	1	1	0
       41	2019-04-19 19:42:56	1	1	1	0
       12	2019-04-20 07:26:38	1	0	1	0
       14	2019-04-20 07:54:46	1	0	1	0
       10	2019-04-20 08:10:22	1	0	1	0
        5	2019-04-20 08:23:42	1	0	1	0
       33	2019-04-20 08:38:03	1	0	1	0
        6	2019-04-20 08:38:06	1	0	1	0
       44	2019-04-20 08:43:29	1	0	1	0
       13	2019-04-20 09:05:03	1	0	1	0
       15	2019-04-20 09:16:20	1	0	1	0
     1078	2019-04-20 09:17:39	1	0	1	0
     1067	2019-04-20 09:20:47	1	0	1	0
       28	2019-04-20 09:29:52	1	0	1	0
       20	2019-04-20 09:45:33	1	0	1	0
     2056	2019-04-20 09:56:08	1	0	1	0
     1031	2019-04-20 11:10:14	1	0	1	0
       29	2019-04-20 11:29:15	1	0	1	0
       32	2019-04-20 11:44:55	1	0	1	0
       44	2019-04-20 11:52:56	1	1	1	0
        5	2019-04-20 11:58:47	1	1	1	0
     2056	2019-04-20 12:01:17	1	1	1	0
       10	2019-04-20 12:19:30	1	0	1	0
       28	2019-04-20 12:22:38	1	1	1	0
     1044	2019-04-20 12:28:00	1	0	1	0
       12	2019-04-20 12:31:42	1	5	1	0
       20	2019-04-20 12:33:09	1	5	1	0
       14	2019-04-20 12:33:15	1	1	1	0
       20	2019-04-20 12:33:21	1	1	1	0
       13	2019-04-20 12:49:37	1	1	1	0
       13	2019-04-20 12:49:38	1	1	1	0
     1031	2019-04-20 13:42:51	1	0	1	0
       15	2019-04-20 13:46:32	1	0	1	0
       48	2019-04-20 14:37:24	1	1	1	0
     1060	2019-04-20 15:05:09	1	0	1	0
       28	2019-04-20 15:32:01	1	0	1	0
     1031	2019-04-20 16:57:09	1	1	1	0
     1044	2019-04-20 17:20:18	1	1	1	0
       28	2019-04-20 17:26:08	1	1	1	0
       32	2019-04-20 17:55:14	1	1	1	0
       27	2019-04-20 17:55:19	1	1	1	0
     1060	2019-04-20 17:55:21	1	1	1	0
       33	2019-04-20 18:30:35	1	1	1	0
       29	2019-04-20 19:28:27	1	1	1	0
     1078	2019-04-20 19:29:48	1	1	1	0
     1080	2019-04-22 07:44:03	1	0	1	0
     1083	2019-04-22 07:56:23	1	0	1	0
       49	2019-04-22 08:06:40	1	0	1	0
       10	2019-04-22 08:21:08	1	0	1	0
        5	2019-04-22 08:32:45	1	0	1	0
        7	2019-04-22 08:34:58	1	0	1	0
       44	2019-04-22 08:36:58	1	0	1	0
       13	2019-04-22 08:37:04	1	0	1	0
       24	2019-04-22 08:39:05	1	0	1	0
       14	2019-04-22 08:41:46	1	0	1	0
       50	2019-04-22 08:41:57	1	0	1	0
       32	2019-04-22 08:52:05	1	0	1	0
       33	2019-04-22 09:02:27	1	0	1	0
       48	2019-04-22 09:06:57	1	0	1	0
       41	2019-04-22 09:09:15	1	0	1	0
        8	2019-04-22 09:09:18	1	0	1	0
        6	2019-04-22 09:11:27	1	0	1	0
     1067	2019-04-22 09:28:37	1	0	1	0
       42	2019-04-22 09:32:04	1	0	1	0
     1044	2019-04-22 09:41:24	1	0	1	0
     1082	2019-04-22 09:44:58	1	0	1	0
       29	2019-04-22 10:00:40	1	0	1	0
        1	2019-04-22 10:08:20	1	0	1	0
     1081	2019-04-22 10:21:54	1	0	1	0
       47	2019-04-22 10:23:38	1	0	1	0
       28	2019-04-22 10:29:49	1	0	1	0
       29	2019-04-22 10:45:34	1	1	1	0
       29	2019-04-22 10:45:39	1	0	1	0
       20	2019-04-22 11:06:34	1	0	1	0
        3	2019-04-22 11:09:27	1	0	1	0
       10	2019-04-22 12:02:50	1	0	1	0
       24	2019-04-22 12:12:05	1	1	1	0
     1060	2019-04-22 12:30:56	1	0	1	0
     1067	2019-04-22 12:42:21	1	1	1	0
       50	2019-04-22 12:58:20	1	1	1	0
     1081	2019-04-22 13:02:35	1	1	1	0
     1082	2019-04-22 13:02:48	1	1	1	0
     1083	2019-04-22 13:02:51	1	1	1	0
       44	2019-04-22 13:03:09	1	1	1	0
        8	2019-04-22 13:18:05	1	1	1	0
        7	2019-04-22 13:18:48	1	1	1	0
       24	2019-04-22 13:33:49	1	0	1	0
       41	2019-04-22 13:49:48	1	1	1	0
       28	2019-04-22 13:49:50	1	1	1	0
     1082	2019-04-22 14:04:59	1	0	1	0
     1083	2019-04-22 14:05:06	1	0	1	0
     1081	2019-04-22 14:05:11	1	0	1	0
       50	2019-04-22 14:07:36	1	0	1	0
     1044	2019-04-22 14:14:43	1	1	1	0
        8	2019-04-22 14:26:18	1	1	1	0
        7	2019-04-22 14:26:25	1	0	1	0
        8	2019-04-22 14:26:28	1	0	1	0
       44	2019-04-22 14:27:23	1	0	1	0
     1054	2019-04-22 14:31:22	1	0	1	0
       33	2019-04-22 14:36:07	1	1	1	0
       49	2019-04-22 14:38:58	1	1	1	0
       33	2019-04-22 15:00:12	1	0	1	0
        3	2019-04-22 15:01:04	1	1	1	0
       41	2019-04-22 15:06:03	1	0	1	0
       28	2019-04-22 15:06:08	1	0	1	0
       14	2019-04-22 15:12:39	1	1	1	0
       13	2019-04-22 15:50:23	1	1	1	0
       49	2019-04-22 15:55:45	1	0	1	0
        3	2019-04-22 16:54:39	1	0	1	0
       49	2019-04-22 17:04:08	1	0	1	0
        5	2019-04-22 17:06:25	1	1	1	0
       42	2019-04-22 17:07:22	1	1	1	0
       41	2019-04-22 17:18:41	1	1	1	0
       24	2019-04-22 17:21:22	1	1	1	0
     1083	2019-04-22 17:30:28	1	1	1	0
        7	2019-04-22 17:39:35	1	1	1	0
        8	2019-04-22 17:39:41	1	1	1	0
     1082	2019-04-22 17:47:21	1	1	1	0
       47	2019-04-22 17:54:05	1	1	1	0
       20	2019-04-22 17:57:30	1	1	1	0
       50	2019-04-22 17:57:40	1	1	1	0
       33	2019-04-22 18:09:10	1	1	1	0
       33	2019-04-22 18:09:39	1	1	1	0
       48	2019-04-22 18:09:56	1	1	1	0
     1060	2019-04-22 18:10:02	1	1	1	0
       27	2019-04-22 18:10:11	1	1	1	0
       32	2019-04-22 18:10:13	1	1	1	0
     1054	2019-04-22 18:15:25	1	0	1	0
     1054	2019-04-22 18:15:30	1	1	1	0
        3	2019-04-22 18:17:59	1	1	1	0
        6	2019-04-22 18:20:42	1	1	1	0
       29	2019-04-22 18:39:32	1	1	1	0
     1081	2019-04-22 18:41:00	1	1	1	0
       28	2019-04-22 18:48:20	1	1	1	0
        1	2019-04-22 19:01:45	1	1	1	0
       44	2019-04-22 19:03:14	1	1	1	0
       33	2019-04-23 08:04:57	1	0	1	0
     1078	2019-04-23 08:05:02	1	0	1	0
     2051	2019-04-23 08:18:06	1	0	1	0
       44	2019-04-23 08:18:41	1	0	1	0
       10	2019-04-23 08:22:15	1	0	1	0
       12	2019-04-23 08:32:44	1	0	1	0
        7	2019-04-23 08:34:49	1	0	1	0
        8	2019-04-23 08:34:54	1	0	1	0
     1060	2019-04-23 08:37:38	1	0	1	0
       50	2019-04-23 08:50:58	1	0	1	0
     1067	2019-04-23 08:55:13	1	0	1	0
     1082	2019-04-23 09:01:02	1	0	1	0
     1066	2019-04-23 09:01:05	1	0	1	0
       29	2019-04-23 09:09:21	1	0	1	0
       48	2019-04-23 09:10:39	1	0	1	0
     1033	2019-04-23 09:19:47	1	0	1	0
        6	2019-04-23 09:20:57	1	0	1	0
     1030	2019-04-23 09:24:58	1	0	1	0
        5	2019-04-23 09:27:20	1	0	1	0
     2057	2019-04-23 09:33:45	1	0	1	0
     1044	2019-04-23 09:33:52	1	0	1	0
       28	2019-04-23 09:38:20	1	0	1	0
        2	2019-04-23 09:46:08	1	0	1	0
        1	2019-04-23 09:56:32	1	0	1	0
       32	2019-04-23 10:07:37	1	0	1	0
     1083	2019-04-23 10:12:10	1	0	1	0
       42	2019-04-23 10:32:55	1	0	1	0
     1083	2019-04-23 10:35:58	1	1	1	0
       47	2019-04-23 10:42:06	1	0	1	0
     1081	2019-04-23 10:43:48	1	0	1	0
        3	2019-04-23 10:49:27	1	0	1	0
       24	2019-04-23 10:51:23	1	0	1	0
     1083	2019-04-23 11:00:56	1	0	1	0
     1080	2019-04-23 11:00:59	1	0	1	0
       28	2019-04-23 11:09:35	1	1	1	0
       27	2019-04-23 11:22:20	1	0	1	0
       19	2019-04-23 11:24:53	1	0	1	0
       28	2019-04-23 11:26:18	1	0	1	0
       48	2019-04-23 11:54:02	1	1	1	0
       10	2019-04-23 12:02:00	1	1	1	0
       44	2019-04-23 12:19:45	1	1	1	0
       50	2019-04-23 12:36:39	1	1	1	0
       24	2019-04-23 12:39:47	1	1	1	0
        8	2019-04-23 12:40:02	1	1	1	0
        7	2019-04-23 12:40:26	1	1	1	0
       48	2019-04-23 13:04:56	1	0	1	0
     1081	2019-04-23 13:06:08	1	1	1	0
       47	2019-04-23 13:06:15	1	1	1	0
       15	2019-04-23 13:11:04	1	1	1	0
       19	2019-04-23 13:11:25	1	1	1	0
     1031	2019-04-23 13:35:05	1	0	1	0
     1081	2019-04-23 13:39:29	1	0	1	0
        7	2019-04-23 13:43:54	1	0	1	0
        8	2019-04-23 13:43:57	1	0	1	0
       42	2019-04-23 13:52:05	1	1	1	0
       42	2019-04-23 13:52:06	1	1	1	0
       42	2019-04-23 13:52:13	1	0	1	0
       19	2019-04-23 13:53:27	1	0	1	0
       24	2019-04-23 14:04:20	1	0	1	0
       50	2019-04-23 14:05:54	1	0	1	0
     1045	2019-04-23 14:08:48	1	0	1	0
        1	2019-04-23 14:24:52	1	1	1	0
     1083	2019-04-23 14:38:47	1	1	1	0
     1044	2019-04-23 14:39:25	1	1	1	0
     2057	2019-04-23 14:39:30	1	1	1	0
     1078	2019-04-23 14:49:09	1	1	1	0
       48	2019-04-23 15:07:23	1	1	1	0
       44	2019-04-23 15:13:53	1	0	1	0
     1083	2019-04-23 15:23:05	1	0	1	0
     1054	2019-04-23 15:39:48	1	0	1	0
     1033	2019-04-23 15:45:19	1	0	1	0
     1060	2019-04-23 15:48:35	1	1	1	0
     1067	2019-04-23 15:53:05	1	1	1	0
     1033	2019-04-23 16:57:17	1	1	1	0
       19	2019-04-23 16:57:22	1	1	1	0
       12	2019-04-23 17:00:49	1	1	1	0
     1066	2019-04-23 17:07:31	1	1	1	0
       28	2019-04-23 17:07:36	1	1	1	0
       27	2019-04-23 17:34:20	1	1	1	0
       32	2019-04-23 17:34:22	1	1	1	0
       24	2019-04-23 17:46:07	1	1	1	0
        8	2019-04-23 17:46:16	1	1	1	0
        7	2019-04-23 17:46:48	1	1	1	0
        5	2019-04-23 17:52:12	1	1	1	0
        6	2019-04-23 17:52:28	1	1	1	0
       29	2019-04-23 17:53:36	1	1	1	0
     2051	2019-04-23 17:53:43	1	1	1	0
     1031	2019-04-23 17:57:19	1	1	1	0
     1030	2019-04-23 17:59:05	1	1	1	0
       42	2019-04-23 18:00:14	1	1	1	0
       29	2019-04-23 18:00:42	1	0	1	0
     2051	2019-04-23 18:01:33	1	0	1	0
       42	2019-04-23 18:03:57	1	0	1	0
       15	2019-04-23 18:04:03	1	0	1	0
       42	2019-04-23 18:28:57	1	1	1	0
     1083	2019-04-23 18:29:56	1	1	1	0
       33	2019-04-23 18:34:44	1	1	1	0
     1081	2019-04-23 18:35:09	1	1	1	0
     1054	2019-04-23 18:57:54	1	1	1	0
       29	2019-04-23 18:58:03	1	1	1	0
     2051	2019-04-23 18:58:54	1	1	1	0
       50	2019-04-23 19:01:35	1	1	1	0
        1	2019-04-23 19:50:50	1	1	1	0
        3	2019-04-23 19:52:31	1	1	1	0
     1083	2019-04-24 07:30:13	1	0	1	0
     1080	2019-04-24 07:58:17	1	0	1	0
       13	2019-04-24 08:07:23	1	0	1	0
       14	2019-04-24 08:22:23	1	0	1	0
       33	2019-04-24 08:31:46	1	0	1	0
     1033	2019-04-24 08:31:59	1	0	1	0
       50	2019-04-24 08:44:26	1	0	1	0
     1081	2019-04-24 08:44:34	1	0	1	0
        7	2019-04-24 08:46:06	1	0	1	0
       44	2019-04-24 08:51:23	1	0	1	0
       12	2019-04-24 08:52:04	1	0	1	0
     1067	2019-04-24 08:53:57	1	0	1	0
     1082	2019-04-24 08:57:23	1	0	1	0
     1078	2019-04-24 08:59:30	1	0	1	0
       49	2019-04-24 09:01:26	1	0	1	0
       32	2019-04-24 09:03:45	1	0	1	0
     1066	2019-04-24 09:07:27	1	0	1	0
     1030	2019-04-24 09:09:57	1	0	1	0
       29	2019-04-24 09:10:03	1	0	1	0
     2051	2019-04-24 09:27:50	1	0	1	0
        2	2019-04-24 09:33:43	1	0	1	0
       48	2019-04-24 09:38:11	1	0	1	0
       24	2019-04-24 09:44:04	1	0	1	0
       28	2019-04-24 09:49:13	1	0	1	0
       41	2019-04-24 09:53:31	1	0	1	0
        5	2019-04-24 09:58:06	1	0	1	0
        1	2019-04-24 10:02:22	1	0	1	0
        6	2019-04-24 10:21:40	1	0	1	0
        3	2019-04-24 10:23:00	1	0	1	0
       47	2019-04-24 10:47:50	1	0	1	0
     1031	2019-04-24 11:02:36	1	0	1	0
       32	2019-04-24 11:19:42	1	1	1	0
       29	2019-04-24 11:19:47	1	1	1	0
     2051	2019-04-24 11:19:50	1	1	1	0
       42	2019-04-24 11:36:31	1	0	1	0
       42	2019-04-24 12:07:42	1	1	1	0
     1083	2019-04-24 12:11:16	1	1	1	0
     1082	2019-04-24 12:11:25	1	1	1	0
     1080	2019-04-24 12:11:28	1	1	1	0
        8	2019-04-24 12:17:12	1	0	1	0
       27	2019-04-24 12:27:58	1	0	1	0
       29	2019-04-24 12:28:03	1	0	1	0
       32	2019-04-24 12:28:05	1	0	1	0
     2051	2019-04-24 12:28:13	1	0	1	0
       48	2019-04-24 12:28:18	1	0	1	0
       24	2019-04-24 12:32:26	1	1	1	0
     1030	2019-04-24 12:38:56	1	1	1	0
     1030	2019-04-24 12:38:57	1	1	1	0
       20	2019-04-24 12:43:26	1	0	1	0
       10	2019-04-24 12:48:11	1	0	1	0
       48	2019-04-24 12:52:16	1	1	1	0
       44	2019-04-24 12:58:40	1	1	1	0
     1060	2019-04-24 13:14:16	1	0	1	0
     1083	2019-04-24 13:20:49	1	0	1	0
     1081	2019-04-24 13:20:55	1	0	1	0
     1080	2019-04-24 13:20:59	1	0	1	0
     1030	2019-04-24 13:21:02	1	0	1	0
     1082	2019-04-24 13:21:08	1	0	1	0
       24	2019-04-24 13:29:49	1	0	1	0
       41	2019-04-24 13:53:03	1	1	1	0
     1033	2019-04-24 13:53:11	1	1	1	0
       14	2019-04-24 13:56:55	1	1	1	0
       15	2019-04-24 14:00:18	1	1	1	0
        1	2019-04-24 14:06:21	1	1	1	0
     2057	2019-04-24 14:16:03	1	0	1	0
     1045	2019-04-24 14:33:34	1	0	1	0
        1	2019-04-24 14:33:42	1	0	1	0
     1033	2019-04-24 14:40:51	1	0	1	0
       41	2019-04-24 14:42:04	1	0	1	0
       33	2019-04-24 14:51:51	1	1	1	0
       13	2019-04-24 14:54:42	1	1	1	0
       20	2019-04-24 14:54:49	1	1	1	0
     2051	2019-04-24 15:00:04	1	1	1	0
       29	2019-04-24 15:00:15	1	1	1	0
       28	2019-04-24 15:09:43	1	1	1	0
       29	2019-04-24 15:31:36	1	0	1	0
     2051	2019-04-24 15:31:43	1	0	1	0
     1067	2019-04-24 15:36:09	1	1	1	0
       44	2019-04-24 15:42:58	1	0	1	0
        3	2019-04-24 16:14:24	1	1	1	0
       12	2019-04-24 16:52:05	1	1	1	0
        7	2019-04-24 16:53:09	1	1	1	0
       10	2019-04-24 16:58:27	1	1	1	0
       49	2019-04-24 16:59:45	1	1	1	0
     1066	2019-04-24 17:00:04	1	1	1	0
        8	2019-04-24 17:01:08	1	1	1	0
     2057	2019-04-24 17:02:32	1	1	1	0
     1030	2019-04-24 17:07:20	1	1	1	0
     1080	2019-04-24 17:09:23	1	1	1	0
       28	2019-04-24 17:09:50	1	1	1	0
       41	2019-04-24 17:11:51	1	1	1	0
     1030	2019-04-24 17:12:24	1	1	1	0
     1082	2019-04-24 17:12:34	1	1	1	0
     1033	2019-04-24 17:12:43	1	1	1	0
     1083	2019-04-24 17:17:34	1	1	1	0
       24	2019-04-24 17:20:33	1	1	1	0
     2051	2019-04-24 17:24:20	1	1	1	0
       47	2019-04-24 17:36:59	1	1	1	0
       32	2019-04-24 17:37:06	1	1	1	0
       27	2019-04-24 17:37:19	1	1	1	0
     1081	2019-04-24 17:43:32	1	1	1	0
        3	2019-04-24 17:48:30	1	0	1	0
       15	2019-04-24 18:10:46	1	0	1	0
        3	2019-04-24 18:13:50	1	1	1	0
        5	2019-04-24 18:22:29	1	1	1	0
        1	2019-04-24 19:17:28	1	1	1	0
       29	2019-04-24 19:34:23	1	1	1	0
       44	2019-04-24 19:59:25	1	1	1	0
     1083	2019-04-25 07:49:41	1	0	1	0
       44	2019-04-25 08:15:36	1	0	1	0
       10	2019-04-25 08:32:47	1	0	1	0
        7	2019-04-25 08:32:52	1	0	1	0
     1078	2019-04-25 08:41:28	1	0	1	0
       50	2019-04-25 08:43:28	1	0	1	0
     1067	2019-04-25 08:43:55	1	0	1	0
     1081	2019-04-25 08:45:31	1	0	1	0
     1082	2019-04-25 09:05:47	1	0	1	0
     1080	2019-04-25 09:05:53	1	0	1	0
     1066	2019-04-25 09:07:57	1	0	1	0
       48	2019-04-25 09:14:24	1	0	1	0
        6	2019-04-25 09:15:38	1	0	1	0
     1033	2019-04-25 09:19:28	1	0	1	0
       15	2019-04-25 09:21:15	1	0	1	0
     1044	2019-04-25 09:23:01	1	0	1	0
       41	2019-04-25 09:30:44	1	0	1	0
       49	2019-04-25 09:37:01	1	0	1	0
       28	2019-04-25 09:42:56	1	0	1	0
       12	2019-04-25 09:51:44	1	0	1	0
       24	2019-04-25 09:59:40	1	0	1	0
        5	2019-04-25 10:04:02	1	0	1	0
     2051	2019-04-25 10:23:09	1	0	1	0
        1	2019-04-25 10:41:21	1	0	1	0
     1030	2019-04-25 11:10:14	1	0	1	0
     1030	2019-04-25 11:44:33	1	1	1	0
       15	2019-04-25 11:57:19	1	1	1	0
       10	2019-04-25 12:04:11	1	1	1	0
       44	2019-04-25 12:15:21	1	1	1	0
       29	2019-04-25 12:18:20	1	0	1	0
     1067	2019-04-25 12:23:54	1	1	1	0
     1066	2019-04-25 12:24:03	1	1	1	0
        8	2019-04-25 12:46:46	1	0	1	0
     1066	2019-04-25 12:53:03	1	0	1	0
     1067	2019-04-25 12:53:08	1	0	1	0
     1081	2019-04-25 12:55:45	1	1	1	0
     1082	2019-04-25 12:55:55	1	1	1	0
     1080	2019-04-25 12:55:59	1	1	1	0
     1045	2019-04-25 12:57:21	1	0	1	0
     1045	2019-04-25 12:57:22	1	0	1	0
     1083	2019-04-25 12:58:11	1	1	1	0
       24	2019-04-25 12:58:16	1	1	1	0
       12	2019-04-25 13:28:08	1	1	1	0
     1067	2019-04-25 13:30:48	1	1	1	0
     1081	2019-04-25 14:04:20	1	0	1	0
     1083	2019-04-25 14:04:30	1	0	1	0
     1080	2019-04-25 14:04:36	1	0	1	0
     1082	2019-04-25 14:05:32	1	0	1	0
       28	2019-04-25 14:10:01	1	1	1	0
       24	2019-04-25 14:17:53	1	0	1	0
       44	2019-04-25 14:32:09	1	0	1	0
       50	2019-04-25 14:59:02	1	1	1	0
       50	2019-04-25 14:59:07	1	0	1	0
        1	2019-04-25 14:59:12	1	1	1	0
        1	2019-04-25 14:59:18	1	0	1	0
       28	2019-04-25 14:59:22	1	0	1	0
     1031	2019-04-25 15:15:45	1	0	1	0
     2051	2019-04-25 15:45:23	1	1	1	0
       41	2019-04-25 15:59:19	1	0	1	0
       49	2019-04-25 16:05:12	1	1	1	0
       29	2019-04-25 16:05:21	1	1	1	0
       29	2019-04-25 16:05:26	1	0	1	0
        7	2019-04-25 16:14:55	1	1	1	0
        8	2019-04-25 16:14:59	1	1	1	0
       24	2019-04-25 16:15:04	1	1	1	0
        5	2019-04-25 16:32:23	1	1	1	0
       48	2019-04-25 16:45:12	1	1	1	0
     2051	2019-04-25 16:46:06	1	0	1	0
     1045	2019-04-25 17:00:22	1	1	1	0
     1066	2019-04-25 17:04:54	1	1	1	0
     1078	2019-04-25 17:10:03	1	1	1	0
     1033	2019-04-25 17:10:06	1	1	1	0
       41	2019-04-25 17:31:52	1	1	1	0
       50	2019-04-25 18:01:49	1	1	1	0
       28	2019-04-25 18:02:15	1	1	1	0
       44	2019-04-25 18:03:37	1	1	1	0
     1083	2019-04-25 18:20:25	1	1	1	0
     1081	2019-04-25 18:40:29	1	1	1	0
     1082	2019-04-25 18:40:44	1	1	1	0
     2051	2019-04-25 19:14:57	1	1	1	0
        1	2019-04-25 19:35:14	1	1	1	0
       29	2019-04-25 19:58:42	1	1	1	0
     1078	2019-04-26 07:07:12	1	0	1	0
       28	2019-04-26 08:54:01	1	0	1	0
       10	2019-04-26 08:55:16	1	0	1	0
     1033	2019-04-26 09:21:25	1	0	1	0
       33	2019-04-26 09:28:29	1	0	1	0
       50	2019-04-26 09:47:15	1	0	1	0
       29	2019-04-26 10:09:54	1	0	1	0
       27	2019-04-26 10:21:02	1	0	1	0
       41	2019-04-26 11:22:24	1	0	1	0
       10	2019-04-26 12:19:04	1	0	1	0
       10	2019-04-26 12:43:49	1	1	1	0
       10	2019-04-26 12:43:57	1	0	1	0
       50	2019-04-26 13:45:06	1	1	1	0
       28	2019-04-26 15:04:59	1	1	1	0
       28	2019-04-26 15:34:02	1	0	1	0
       10	2019-04-26 15:54:10	1	0	1	0
       10	2019-04-26 15:54:24	1	1	1	0
       29	2019-04-26 15:57:36	1	1	1	0
     1033	2019-04-26 17:47:02	1	1	1	0
       41	2019-04-26 17:48:03	1	1	1	0
       28	2019-04-26 18:19:19	1	1	1	0
       27	2019-04-26 18:40:42	1	1	1	0
     1078	2019-04-26 18:55:52	1	1	1	0
       33	2019-04-27 08:14:09	1	0	1	0
     1078	2019-04-27 08:34:47	1	0	1	0
       50	2019-04-27 08:54:51	1	0	1	0
       41	2019-04-27 10:12:51	1	0	1	0
       29	2019-04-27 10:16:20	1	0	1	0
       29	2019-04-27 11:10:02	1	1	1	0
       27	2019-04-27 12:03:29	1	0	1	0
       29	2019-04-27 12:03:34	1	0	1	0
       50	2019-04-27 12:24:31	1	1	1	0
       28	2019-04-27 14:55:55	1	0	1	0
       33	2019-04-27 15:37:42	1	1	1	0
       29	2019-04-27 16:16:02	1	1	1	0
       27	2019-04-27 16:16:08	1	1	1	0
       28	2019-04-27 17:47:54	1	1	1	0
     1078	2019-04-27 19:46:11	1	1	1	0
       41	2019-04-27 19:47:09	1	1	1	0
       14	2019-04-29 07:41:24	1	0	1	0
       33	2019-04-29 07:52:03	1	0	1	0
     1081	2019-04-29 08:20:21	1	0	1	0
       14	2019-04-29 09:09:57	1	1	1	0
       48	2019-04-29 09:29:36	1	0	1	0
       27	2019-04-29 09:34:09	1	0	1	0
     1033	2019-04-29 10:03:56	1	0	1	0
       24	2019-04-29 10:05:10	1	0	1	0
       28	2019-04-29 10:33:58	1	0	1	0
        7	2019-04-29 10:37:33	1	0	1	0
       48	2019-04-29 11:43:39	1	1	1	0
       24	2019-04-29 12:28:47	1	1	1	0
       28	2019-04-29 12:29:16	1	1	1	0
     1033	2019-04-29 12:30:06	1	1	1	0
       48	2019-04-29 12:49:45	1	0	1	0
        1	2019-04-29 13:00:58	1	0	1	0
     1081	2019-04-29 13:07:29	1	1	1	0
       24	2019-04-29 13:40:31	1	0	1	0
     1081	2019-04-29 13:40:47	1	0	1	0
     1045	2019-04-29 15:32:57	1	0	1	0
       24	2019-04-29 15:39:14	1	1	1	0
       48	2019-04-29 16:03:40	1	1	1	0
        7	2019-04-29 17:32:36	1	1	1	0
     1081	2019-04-29 18:15:59	1	1	1	0
       27	2019-04-29 18:20:29	1	1	1	0
        1	2019-04-29 19:23:16	1	1	1	0
     1083	2019-04-30 07:29:13	1	0	1	0
       13	2019-04-30 07:42:35	1	0	1	0
     1080	2019-04-30 08:02:30	1	0	1	0
       50	2019-04-30 08:14:56	1	0	1	0
     1060	2019-04-30 08:16:34	1	0	1	0
     1081	2019-04-30 08:25:10	1	0	1	0
       44	2019-04-30 08:29:42	1	0	1	0
     1066	2019-04-30 08:32:59	1	0	1	0
       33	2019-04-30 08:36:46	1	0	1	0
       12	2019-04-30 08:42:33	1	0	1	0
        7	2019-04-30 08:42:41	1	0	1	0
       29	2019-04-30 08:55:16	1	0	1	0
       48	2019-04-30 09:28:42	1	0	1	0
        1	2019-04-30 09:33:23	1	0	1	0
     1033	2019-04-30 09:47:27	1	0	1	0
     2051	2019-04-30 09:47:29	1	0	1	0
       27	2019-04-30 10:13:41	1	0	1	0
       24	2019-04-30 10:31:05	1	0	1	0
     1044	2019-04-30 10:42:21	1	0	1	0
       28	2019-04-30 10:44:54	1	0	1	0
       47	2019-04-30 10:56:40	1	0	1	0
       20	2019-04-30 11:48:17	1	0	1	0
       48	2019-04-30 11:55:14	1	1	1	0
       44	2019-04-30 12:05:14	1	1	1	0
       24	2019-04-30 12:20:22	1	1	1	0
       33	2019-04-30 12:39:56	1	1	1	0
       50	2019-04-30 13:01:05	1	1	1	0
     1081	2019-04-30 13:06:46	1	1	1	0
     1080	2019-04-30 13:06:52	1	1	1	0
        1	2019-04-30 13:06:57	1	1	1	0
     1083	2019-04-30 13:07:02	1	1	1	0
        1	2019-04-30 13:09:25	1	1	1	0
        7	2019-04-30 13:17:53	1	1	1	0
       41	2019-04-30 13:19:52	1	0	1	0
       50	2019-04-30 13:49:06	1	0	1	0
       44	2019-04-30 13:58:44	1	0	1	0
       33	2019-04-30 14:00:57	1	0	1	0
        7	2019-04-30 14:02:45	1	0	1	0
       28	2019-04-30 14:03:12	1	1	1	0
       24	2019-04-30 14:05:31	1	0	1	0
     1080	2019-04-30 14:24:21	1	0	1	0
     1081	2019-04-30 14:24:28	1	0	1	0
     1083	2019-04-30 14:24:47	1	0	1	0
       28	2019-04-30 14:39:37	1	0	1	0
       33	2019-04-30 14:41:03	1	1	1	0
       47	2019-04-30 14:49:13	1	1	1	0
     2051	2019-04-30 14:51:44	1	1	1	0
       33	2019-04-30 14:54:06	1	0	1	0
        1	2019-04-30 14:57:23	1	0	1	0
     2051	2019-04-30 15:26:59	1	0	1	0
     1044	2019-04-30 15:47:00	1	1	1	0
       24	2019-04-30 15:51:37	1	1	1	0
       12	2019-04-30 16:14:25	1	1	1	0
       14	2019-04-30 16:14:31	1	1	1	0
       41	2019-04-30 16:28:38	1	1	1	0
       28	2019-04-30 16:34:02	1	1	1	0
       28	2019-04-30 17:01:11	1	0	1	0
     1066	2019-04-30 17:01:24	1	1	1	0
       41	2019-04-30 17:09:24	1	0	1	0
     1083	2019-04-30 17:41:20	1	1	1	0
     1080	2019-04-30 17:41:23	1	1	1	0
       50	2019-04-30 17:51:55	1	1	1	0
       33	2019-04-30 18:35:53	1	1	1	0
     1081	2019-04-30 18:40:07	1	1	1	0
     1033	2019-04-30 19:02:03	1	1	1	0
       41	2019-04-30 19:02:10	1	1	1	0
     2051	2019-04-30 19:13:44	1	1	1	0
       13	2019-04-30 19:15:12	1	1	1	0
       27	2019-04-30 19:15:18	1	1	1	0
       20	2019-04-30 19:15:24	1	1	1	0
       29	2019-04-30 19:15:47	1	1	1	0
       28	2019-04-30 19:32:53	1	1	1	0
       44	2019-04-30 19:55:57	1	1	1	0
        1	2019-04-30 19:57:59	1	1	1	0
