     1078	2019-03-01 07:39:59	1	0	1	0
       28	2019-03-01 08:13:51	1	0	1	0
       50	2019-03-01 08:43:27	1	0	1	0
     2051	2019-03-01 08:54:02	1	0	1	0
     1066	2019-03-01 08:59:17	1	0	1	0
        1	2019-03-01 09:03:59	1	0	1	0
     1021	2019-03-01 09:10:35	1	0	1	0
       33	2019-03-01 09:14:57	1	0	1	0
       32	2019-03-01 09:20:51	1	0	1	0
       41	2019-03-01 09:24:18	1	0	1	0
     1080	2019-03-01 09:28:29	1	0	1	0
        3	2019-03-01 09:33:29	1	0	1	0
       44	2019-03-01 09:39:04	1	0	1	0
       10	2019-03-01 09:43:35	1	0	1	0
       29	2019-03-01 09:43:47	1	0	1	0
     1081	2019-03-01 09:51:40	1	0	1	0
       28	2019-03-01 09:54:49	1	1	1	0
       50	2019-03-01 10:04:49	1	1	1	0
       27	2019-03-01 10:08:16	1	0	1	0
       50	2019-03-01 10:20:50	1	0	1	0
        2	2019-03-01 10:20:57	1	0	1	0
       48	2019-03-01 10:27:05	1	0	1	0
       28	2019-03-01 10:29:40	1	0	1	0
     1031	2019-03-01 11:02:52	1	0	1	0
     1054	2019-03-01 11:02:57	1	0	1	0
     1078	2019-03-01 11:57:44	1	1	1	0
     2051	2019-03-01 12:04:35	1	1	1	0
     1081	2019-03-01 12:05:04	1	1	1	0
       10	2019-03-01 12:31:57	1	1	1	0
     1021	2019-03-01 12:34:42	1	1	1	0
       44	2019-03-01 12:40:17	1	1	1	0
     1080	2019-03-01 12:41:38	1	1	1	0
     1033	2019-03-01 12:50:44	1	0	1	0
     2051	2019-03-01 13:03:35	1	0	1	0
       28	2019-03-01 13:10:36	1	1	1	0
       50	2019-03-01 13:11:31	1	1	1	0
       41	2019-03-01 13:18:07	1	1	1	0
        3	2019-03-01 13:52:45	1	1	1	0
     1031	2019-03-01 14:00:45	1	1	1	0
       50	2019-03-01 14:02:36	1	0	1	0
     1081	2019-03-01 14:03:01	1	0	1	0
     1080	2019-03-01 14:04:35	1	0	1	0
       43	2019-03-01 14:04:53	1	0	1	0
       44	2019-03-01 14:06:32	1	0	1	0
       32	2019-03-01 14:12:32	1	1	1	0
     2051	2019-03-01 14:12:35	1	1	1	0
       33	2019-03-01 14:13:00	1	1	1	0
       41	2019-03-01 14:43:12	1	0	1	0
       33	2019-03-01 14:50:39	1	0	1	0
       32	2019-03-01 14:50:44	1	0	1	0
     2051	2019-03-01 14:50:45	1	0	1	0
       28	2019-03-01 14:58:21	1	0	1	0
       43	2019-03-01 15:38:01	1	1	1	0
        3	2019-03-01 15:53:39	1	0	1	0
       28	2019-03-01 16:21:54	1	1	1	0
        2	2019-03-01 16:27:35	1	1	1	0
       50	2019-03-01 16:36:39	1	1	1	0
     1081	2019-03-01 16:51:41	1	1	1	0
     1080	2019-03-01 16:55:32	1	1	1	0
     1066	2019-03-01 17:10:45	1	1	1	0
       33	2019-03-01 17:12:33	1	1	1	0
        3	2019-03-01 17:21:19	1	1	1	0
       48	2019-03-01 17:28:09	1	1	1	0
       42	2019-03-01 17:43:19	1	0	1	0
       44	2019-03-01 17:47:02	1	1	1	0
     2051	2019-03-01 17:52:53	1	1	1	0
       41	2019-03-01 19:10:24	1	1	1	0
       29	2019-03-01 19:10:30	1	1	1	0
       27	2019-03-01 19:10:54	1	1	1	0
       32	2019-03-01 19:10:58	1	1	1	0
        1	2019-03-01 19:13:29	1	1	1	0
       36	2019-03-01 19:13:45	1	1	1	0
       43	2019-03-01 19:13:58	1	0	1	0
       43	2019-03-01 19:24:09	1	1	1	0
     1033	2019-03-01 19:24:11	1	1	1	0
     1060	2019-03-02 08:21:16	1	0	1	0
     1054	2019-03-02 08:35:09	1	0	1	0
     1060	2019-03-02 08:59:45	1	1	1	0
        1	2019-03-02 09:40:35	1	0	1	0
       47	2019-03-02 09:42:22	1	0	1	0
     1031	2019-03-02 09:42:24	1	0	1	0
     1054	2019-03-02 09:42:30	1	0	1	0
       32	2019-03-02 10:28:47	1	0	1	0
       48	2019-03-02 10:39:53	1	0	1	0
       29	2019-03-02 10:51:31	1	0	1	0
       27	2019-03-02 10:55:32	1	0	1	0
        1	2019-03-02 14:03:58	1	1	1	0
       29	2019-03-02 14:19:27	1	1	1	0
       29	2019-03-02 14:19:39	1	0	1	0
       28	2019-03-02 15:57:04	1	0	1	0
       47	2019-03-02 17:00:26	1	1	1	0
       29	2019-03-02 17:03:33	1	1	1	0
       32	2019-03-02 17:28:02	1	1	1	0
       28	2019-03-02 17:59:03	1	0	1	0
       28	2019-03-02 17:59:07	1	1	1	0
     1054	2019-03-02 18:43:33	1	0	1	0
       27	2019-03-02 19:33:44	1	1	1	0
       49	2019-03-04 07:27:15	1	0	1	0
       48	2019-03-04 08:21:17	1	0	1	0
       47	2019-03-04 08:43:10	1	0	1	0
       50	2019-03-04 08:52:11	1	0	1	0
     1080	2019-03-04 09:03:50	1	0	1	0
     1081	2019-03-04 09:07:20	1	0	1	0
       44	2019-03-04 09:08:42	1	0	1	0
       33	2019-03-04 09:14:02	1	0	1	0
        1	2019-03-04 09:14:44	1	0	1	0
       32	2019-03-04 09:18:40	1	0	1	0
       29	2019-03-04 09:19:21	1	0	1	0
       41	2019-03-04 09:27:33	1	0	1	0
       10	2019-03-04 09:48:18	1	0	1	0
     1033	2019-03-04 10:34:40	1	0	1	0
        3	2019-03-04 10:51:12	1	0	1	0
       43	2019-03-04 10:59:55	1	0	1	0
       27	2019-03-04 11:02:55	1	0	1	0
     1081	2019-03-04 12:03:36	1	1	1	0
       44	2019-03-04 12:21:34	1	1	1	0
     1080	2019-03-04 12:29:16	1	1	1	0
       43	2019-03-04 13:01:36	1	1	1	0
       41	2019-03-04 13:06:56	1	1	1	0
       50	2019-03-04 13:17:26	1	1	1	0
     1080	2019-03-04 13:38:09	1	0	1	0
       50	2019-03-04 13:51:43	1	0	1	0
     1081	2019-03-04 13:54:08	1	0	1	0
       33	2019-03-04 14:15:33	1	1	1	0
     1082	2019-03-04 14:16:48	1	0	1	0
       44	2019-03-04 14:21:35	1	0	1	0
       43	2019-03-04 14:24:41	1	0	1	0
       49	2019-03-04 14:37:33	1	1	1	0
       33	2019-03-04 14:46:34	1	0	1	0
       43	2019-03-04 15:05:01	1	1	1	0
     1031	2019-03-04 15:21:12	1	0	1	0
     1054	2019-03-04 15:21:15	1	0	1	0
        3	2019-03-04 15:32:55	1	1	1	0
       49	2019-03-04 15:37:06	1	0	1	0
       41	2019-03-04 15:46:46	1	0	1	0
       48	2019-03-04 16:05:17	1	1	1	0
        3	2019-03-04 16:38:49	1	0	1	0
       41	2019-03-04 16:38:59	1	1	1	0
        1	2019-03-04 16:40:55	1	1	1	0
       44	2019-03-04 16:41:49	1	1	1	0
     1033	2019-03-04 16:47:24	1	1	1	0
     1081	2019-03-04 16:55:30	1	1	1	0
     1080	2019-03-04 17:15:39	1	1	1	0
        1	2019-03-04 17:19:33	1	0	1	0
       49	2019-03-04 17:23:05	1	1	1	0
       47	2019-03-04 17:55:27	1	1	1	0
     1082	2019-03-04 17:59:57	1	1	1	0
       10	2019-03-04 18:03:07	1	1	1	0
        1	2019-03-04 18:04:24	1	1	1	0
        1	2019-03-04 18:04:32	1	0	1	0
       50	2019-03-04 18:12:59	1	1	1	0
       41	2019-03-04 18:38:31	1	1	1	0
       33	2019-03-04 19:04:19	1	1	1	0
       32	2019-03-04 19:04:30	1	1	1	0
       29	2019-03-04 19:04:34	1	1	1	0
       27	2019-03-04 19:42:40	1	1	1	0
        3	2019-03-04 19:50:05	1	1	1	0
        1	2019-03-04 19:51:42	1	1	1	0
        3	2019-03-04 19:52:05	1	1	1	0
       33	2019-03-05 08:30:58	1	0	1	0
       48	2019-03-05 08:37:43	1	0	1	0
       50	2019-03-05 08:51:42	1	0	1	0
     1080	2019-03-05 08:53:52	1	0	1	0
     1030	2019-03-05 08:55:50	1	0	1	0
     2051	2019-03-05 08:56:02	1	0	1	0
       44	2019-03-05 09:06:15	1	0	1	0
     1021	2019-03-05 09:08:47	1	0	1	0
     1082	2019-03-05 09:11:17	1	0	1	0
       41	2019-03-05 09:14:32	1	0	1	0
       32	2019-03-05 09:16:06	1	0	1	0
     2057	2019-03-05 09:26:36	1	0	1	0
     1033	2019-03-05 09:27:33	1	0	1	0
        6	2019-03-05 09:39:36	1	0	1	0
       49	2019-03-05 09:43:08	1	0	1	0
     1031	2019-03-05 09:51:42	1	0	1	0
        1	2019-03-05 09:53:31	1	0	1	0
       29	2019-03-05 09:54:33	1	0	1	0
     1054	2019-03-05 09:58:55	1	0	1	0
     1078	2019-03-05 10:16:41	1	0	1	0
       27	2019-03-05 10:46:10	1	0	1	0
        3	2019-03-05 11:10:39	1	0	1	0
       43	2019-03-05 11:21:26	1	0	1	0
       48	2019-03-05 11:55:58	1	1	1	0
       29	2019-03-05 11:56:26	1	1	1	0
       29	2019-03-05 11:56:41	1	0	1	0
     2051	2019-03-05 11:57:41	1	1	1	0
     2051	2019-03-05 11:58:13	1	1	1	0
        6	2019-03-05 12:23:42	1	1	1	0
     1082	2019-03-05 12:32:39	1	1	1	0
     1080	2019-03-05 12:32:46	1	1	1	0
     1054	2019-03-05 13:05:07	1	1	1	0
     1031	2019-03-05 13:05:14	1	1	1	0
     2051	2019-03-05 13:14:47	1	0	1	0
     1021	2019-03-05 13:16:31	1	1	1	0
       50	2019-03-05 13:16:33	1	1	1	0
       49	2019-03-05 13:16:35	1	1	1	0
       41	2019-03-05 13:32:50	1	1	1	0
        3	2019-03-05 13:44:01	1	1	1	0
       44	2019-03-05 13:53:03	1	0	1	0
     1030	2019-03-05 14:14:22	1	1	1	0
       33	2019-03-05 14:16:34	1	1	1	0
       49	2019-03-05 14:17:17	1	1	1	0
       50	2019-03-05 14:17:26	1	0	1	0
       49	2019-03-05 14:17:34	1	0	1	0
     1080	2019-03-05 14:17:39	1	0	1	0
     1082	2019-03-05 14:17:44	1	0	1	0
       41	2019-03-05 14:18:15	1	0	1	0
     1021	2019-03-05 14:20:01	1	0	1	0
     1030	2019-03-05 14:22:13	1	0	1	0
        3	2019-03-05 14:33:41	1	0	1	0
        1	2019-03-05 14:35:35	1	1	1	0
       33	2019-03-05 14:39:28	1	0	1	0
     1030	2019-03-05 14:53:56	1	1	1	0
        1	2019-03-05 15:04:40	1	1	1	0
        1	2019-03-05 15:04:45	1	0	1	0
     1030	2019-03-05 15:17:12	1	0	1	0
       43	2019-03-05 15:27:03	1	1	1	0
       44	2019-03-05 16:03:21	1	1	1	0
       41	2019-03-05 16:04:34	1	1	1	0
     1033	2019-03-05 16:04:39	1	1	1	0
     1082	2019-03-05 16:41:17	1	1	1	0
     1033	2019-03-05 16:58:54	1	0	1	0
       41	2019-03-05 16:59:06	1	0	1	0
        3	2019-03-05 17:05:09	1	1	1	0
       29	2019-03-05 17:09:39	1	1	1	0
     1030	2019-03-05 17:26:59	1	1	1	0
       49	2019-03-05 17:27:02	1	1	1	0
     1080	2019-03-05 17:59:23	1	1	1	0
       33	2019-03-05 18:09:33	1	1	1	0
       32	2019-03-05 18:09:38	1	1	1	0
       48	2019-03-05 18:09:42	1	1	1	0
       29	2019-03-05 18:31:30	1	0	1	0
       29	2019-03-05 18:32:23	1	1	1	0
     2051	2019-03-05 18:32:33	1	1	1	0
       29	2019-03-05 18:32:39	1	1	1	0
       50	2019-03-05 19:17:00	1	1	1	0
     1078	2019-03-05 19:28:21	1	1	1	0
        1	2019-03-05 19:33:50	1	1	1	0
     1033	2019-03-05 19:34:42	1	1	1	0
       41	2019-03-05 19:36:13	1	1	1	0
       47	2019-03-06 07:51:08	1	0	1	0
       48	2019-03-06 08:19:50	1	0	1	0
     1067	2019-03-06 08:32:47	1	0	1	0
     2051	2019-03-06 08:38:13	1	0	1	0
     1080	2019-03-06 08:39:14	1	0	1	0
       32	2019-03-06 09:16:27	1	0	1	0
       10	2019-03-06 09:18:52	1	0	1	0
     1030	2019-03-06 09:19:41	1	0	1	0
     1082	2019-03-06 09:26:01	1	0	1	0
       50	2019-03-06 09:32:29	1	0	1	0
       43	2019-03-06 09:33:17	1	0	1	0
       49	2019-03-06 09:34:44	1	0	1	0
     1081	2019-03-06 09:35:41	1	0	1	0
       29	2019-03-06 09:38:51	1	0	1	0
        1	2019-03-06 09:53:32	1	0	1	0
       41	2019-03-06 09:53:58	1	0	1	0
       33	2019-03-06 10:15:27	1	0	1	0
        3	2019-03-06 10:20:38	1	0	1	0
     2057	2019-03-06 10:45:22	1	0	1	0
       50	2019-03-06 10:55:24	1	1	1	0
       27	2019-03-06 11:07:04	1	0	1	0
       50	2019-03-06 11:10:21	1	0	1	0
       28	2019-03-06 11:20:07	1	0	1	0
       28	2019-03-06 11:31:28	1	1	1	0
       33	2019-03-06 12:02:04	1	1	1	0
     1081	2019-03-06 12:02:31	1	1	1	0
     1080	2019-03-06 12:13:29	1	1	1	0
     2051	2019-03-06 12:18:59	1	1	1	0
       48	2019-03-06 12:19:04	1	1	1	0
     1082	2019-03-06 12:28:58	1	1	1	0
     1080	2019-03-06 12:29:05	1	1	1	0
       32	2019-03-06 12:37:38	1	1	1	0
     1078	2019-03-06 12:39:01	1	0	1	0
     1033	2019-03-06 12:39:05	1	0	1	0
       33	2019-03-06 12:52:00	1	0	1	0
       33	2019-03-06 12:56:08	1	1	1	0
     1067	2019-03-06 13:06:45	1	1	1	0
       44	2019-03-06 13:08:45	1	0	1	0
       50	2019-03-06 13:11:39	1	1	1	0
     1021	2019-03-06 13:11:47	1	1	1	0
       28	2019-03-06 13:19:10	1	0	1	0
       32	2019-03-06 13:41:29	1	0	1	0
     2051	2019-03-06 13:41:31	1	0	1	0
     2057	2019-03-06 13:46:58	1	0	1	0
       28	2019-03-06 13:47:55	1	1	1	0
       50	2019-03-06 13:48:57	1	0	1	0
     1021	2019-03-06 13:49:02	1	0	1	0
     1081	2019-03-06 13:54:42	1	0	1	0
     1082	2019-03-06 14:07:02	1	0	1	0
     1080	2019-03-06 14:07:08	1	0	1	0
        3	2019-03-06 14:12:30	1	1	1	0
        1	2019-03-06 14:23:12	1	1	1	0
     2051	2019-03-06 14:43:33	1	1	1	0
        1	2019-03-06 15:03:35	1	0	1	0
     1030	2019-03-06 15:06:47	1	1	1	0
     1067	2019-03-06 15:07:15	1	0	1	0
     2051	2019-03-06 15:12:27	1	0	1	0
        3	2019-03-06 15:14:21	1	0	1	0
       28	2019-03-06 15:20:52	1	0	1	0
     1060	2019-03-06 16:02:18	1	0	1	0
       49	2019-03-06 16:23:19	1	0	1	0
       49	2019-03-06 16:23:23	1	1	1	0
     1067	2019-03-06 16:52:51	1	1	1	0
       47	2019-03-06 17:20:55	1	1	1	0
     1080	2019-03-06 17:32:17	1	1	1	0
     1082	2019-03-06 17:32:25	1	1	1	0
     1081	2019-03-06 17:34:10	1	1	1	0
     2057	2019-03-06 17:34:56	1	1	1	0
       41	2019-03-06 17:37:36	1	1	1	0
       28	2019-03-06 17:47:18	1	1	1	0
       44	2019-03-06 17:57:54	1	1	1	0
     2051	2019-03-06 18:14:12	1	1	1	0
     2051	2019-03-06 18:16:09	1	1	1	0
       50	2019-03-06 18:19:48	1	1	1	0
     1021	2019-03-06 18:21:10	1	1	1	0
     1060	2019-03-06 18:32:57	1	1	1	0
       29	2019-03-06 18:51:17	1	1	1	0
       32	2019-03-06 18:53:38	1	1	1	0
       27	2019-03-06 18:53:59	1	1	1	0
       48	2019-03-06 18:54:03	1	1	1	0
     1078	2019-03-06 19:26:54	1	1	1	0
        3	2019-03-06 19:51:03	1	1	1	0
        1	2019-03-06 19:58:16	1	1	1	0
     2051	2019-03-07 08:08:01	1	0	1	0
     1078	2019-03-07 08:15:03	1	0	1	0
       47	2019-03-07 08:26:15	1	0	1	0
       28	2019-03-07 08:29:56	1	0	1	0
       50	2019-03-07 08:44:54	1	0	1	0
     1067	2019-03-07 09:00:32	1	0	1	0
     1080	2019-03-07 09:06:55	1	0	1	0
     1082	2019-03-07 09:11:21	1	0	1	0
        1	2019-03-07 09:12:28	1	0	1	0
       48	2019-03-07 09:15:29	1	0	1	0
     1044	2019-03-07 09:17:40	1	0	1	0
       41	2019-03-07 09:18:39	1	0	1	0
       44	2019-03-07 09:19:31	1	0	1	0
     1066	2019-03-07 09:19:37	1	0	1	0
       32	2019-03-07 09:21:29	1	0	1	0
     1030	2019-03-07 09:23:35	1	0	1	0
       33	2019-03-07 09:38:26	1	0	1	0
       29	2019-03-07 09:40:52	1	0	1	0
     1081	2019-03-07 09:53:30	1	0	1	0
       49	2019-03-07 09:58:37	1	0	1	0
     2057	2019-03-07 10:09:09	1	0	1	0
       50	2019-03-07 10:17:18	1	1	1	0
       50	2019-03-07 10:24:02	1	0	1	0
       27	2019-03-07 10:32:58	1	0	1	0
        3	2019-03-07 10:51:04	1	0	1	0
     1033	2019-03-07 11:18:16	1	0	1	0
     1081	2019-03-07 11:59:36	1	0	1	0
     1081	2019-03-07 11:59:45	1	1	1	0
     1080	2019-03-07 12:13:35	1	1	1	0
     2057	2019-03-07 12:15:45	1	1	1	0
     1082	2019-03-07 12:23:54	1	1	1	0
     1044	2019-03-07 12:28:56	1	1	1	0
        1	2019-03-07 12:29:04	1	1	1	0
       28	2019-03-07 12:29:22	1	1	1	0
     2051	2019-03-07 12:35:25	1	1	1	0
       41	2019-03-07 12:41:26	1	1	1	0
       43	2019-03-07 12:46:45	1	0	1	0
     1079	2019-03-07 12:47:10	1	0	1	0
     1080	2019-03-07 13:25:51	1	0	1	0
       50	2019-03-07 13:29:39	1	1	1	0
       41	2019-03-07 13:29:56	1	0	1	0
       44	2019-03-07 13:35:51	1	0	1	0
       49	2019-03-07 13:37:16	1	1	1	0
       33	2019-03-07 13:42:18	1	1	1	0
       33	2019-03-07 13:42:19	1	1	1	0
       32	2019-03-07 13:42:25	1	1	1	0
       48	2019-03-07 13:42:41	1	1	1	0
     1081	2019-03-07 13:43:48	1	0	1	0
     1030	2019-03-07 13:59:46	1	1	1	0
     1033	2019-03-07 14:02:20	1	1	1	0
        1	2019-03-07 14:06:44	1	0	1	0
     1067	2019-03-07 14:08:02	1	1	1	0
     2057	2019-03-07 14:10:41	1	0	1	0
       50	2019-03-07 14:13:52	1	0	1	0
       49	2019-03-07 14:14:00	1	0	1	0
       32	2019-03-07 14:15:18	1	0	1	0
       48	2019-03-07 14:15:24	1	0	1	0
       33	2019-03-07 14:15:28	1	0	1	0
     2051	2019-03-07 14:15:33	1	0	1	0
     1044	2019-03-07 14:30:25	1	0	1	0
        3	2019-03-07 14:45:23	1	1	1	0
     1066	2019-03-07 14:46:40	1	1	1	0
        2	2019-03-07 15:08:44	1	0	1	0
       43	2019-03-07 15:19:20	1	1	1	0
       28	2019-03-07 15:33:21	1	0	1	0
        3	2019-03-07 15:43:25	1	0	1	0
     2057	2019-03-07 15:45:00	1	1	1	0
       43	2019-03-07 16:02:54	1	0	1	0
     2051	2019-03-07 16:03:12	1	1	1	0
     1060	2019-03-07 17:15:54	1	0	1	0
     1081	2019-03-07 17:18:15	1	1	1	0
       41	2019-03-07 17:35:10	1	1	1	0
     1080	2019-03-07 17:39:10	1	1	1	0
       28	2019-03-07 17:42:29	1	1	1	0
       47	2019-03-07 17:42:49	1	1	1	0
     1079	2019-03-07 17:42:54	1	1	1	0
     1079	2019-03-07 17:42:55	1	1	1	0
       50	2019-03-07 17:43:04	1	1	1	0
       49	2019-03-07 17:47:55	1	1	1	0
     1060	2019-03-07 17:51:48	1	1	1	0
     1060	2019-03-07 17:55:47	1	0	1	0
       43	2019-03-07 18:13:17	1	1	1	0
       33	2019-03-07 18:44:08	1	1	1	0
       29	2019-03-07 18:44:22	1	1	1	0
     1044	2019-03-07 18:44:27	1	1	1	0
     1060	2019-03-07 18:44:31	1	1	1	0
       27	2019-03-07 18:44:42	1	1	1	0
       44	2019-03-07 18:55:26	1	1	1	0
     1078	2019-03-07 19:32:09	1	1	1	0
       32	2019-03-07 19:55:50	1	1	1	0
        1	2019-03-07 19:56:31	1	1	1	0
        3	2019-03-07 19:56:41	1	1	1	0
     2051	2019-03-08 08:16:40	1	0	1	0
       33	2019-03-08 08:25:00	1	0	1	0
       28	2019-03-08 08:28:13	1	0	1	0
     1066	2019-03-08 08:38:53	1	0	1	0
     1078	2019-03-08 08:38:59	1	0	1	0
       41	2019-03-08 08:54:44	1	0	1	0
       50	2019-03-08 09:07:42	1	0	1	0
       48	2019-03-08 09:10:00	1	0	1	0
     1021	2019-03-08 09:11:09	1	0	1	0
       32	2019-03-08 09:23:01	1	0	1	0
       49	2019-03-08 09:37:23	1	0	1	0
     1030	2019-03-08 09:37:56	1	0	1	0
     1081	2019-03-08 09:38:05	1	0	1	0
     1044	2019-03-08 09:47:16	1	0	1	0
     1078	2019-03-08 09:53:37	1	1	1	0
       29	2019-03-08 10:08:07	1	0	1	0
       47	2019-03-08 10:13:28	1	0	1	0
        1	2019-03-08 10:24:01	1	0	1	0
     2057	2019-03-08 10:34:10	1	0	1	0
     1079	2019-03-08 10:43:52	1	0	1	0
       28	2019-03-08 10:57:21	1	1	1	0
       27	2019-03-08 11:07:33	1	0	1	0
       28	2019-03-08 11:13:00	1	0	1	0
       50	2019-03-08 11:48:56	1	1	1	0
     1079	2019-03-08 11:49:44	1	1	1	0
       50	2019-03-08 11:58:15	1	0	1	0
     1081	2019-03-08 12:02:20	1	0	1	0
     1081	2019-03-08 12:02:30	1	1	1	0
       43	2019-03-08 12:12:45	1	0	1	0
       32	2019-03-08 12:16:15	1	1	1	0
     1079	2019-03-08 12:46:31	1	0	1	0
     2057	2019-03-08 12:56:46	1	1	1	0
     1081	2019-03-08 13:05:52	1	0	1	0
     1044	2019-03-08 13:20:30	1	0	1	0
     1021	2019-03-08 13:26:54	1	1	1	0
       50	2019-03-08 13:27:00	1	1	1	0
       32	2019-03-08 13:28:07	1	1	1	0
       27	2019-03-08 13:28:14	1	1	1	0
       48	2019-03-08 13:28:21	1	1	1	0
       49	2019-03-08 13:29:51	1	1	1	0
       33	2019-03-08 14:27:34	1	1	1	0
       49	2019-03-08 14:29:38	1	0	1	0
       50	2019-03-08 14:29:45	1	0	1	0
       41	2019-03-08 14:46:56	1	1	1	0
       43	2019-03-08 14:46:59	1	1	1	0
     2057	2019-03-08 14:55:51	1	0	1	0
     2051	2019-03-08 15:11:51	1	1	1	0
     2051	2019-03-08 15:41:12	1	0	1	0
     1030	2019-03-08 15:43:59	1	1	1	0
     1044	2019-03-08 15:45:53	1	1	1	0
     2057	2019-03-08 16:00:18	1	1	1	0
       41	2019-03-08 16:14:28	1	0	1	0
       43	2019-03-08 16:14:46	1	0	1	0
       28	2019-03-08 16:22:37	1	1	1	0
       50	2019-03-08 16:35:05	1	1	1	0
     1066	2019-03-08 16:36:02	1	1	1	0
       50	2019-03-08 16:40:18	1	0	1	0
       43	2019-03-08 16:54:46	1	1	1	0
     1079	2019-03-08 17:24:09	1	1	1	0
     1081	2019-03-08 17:44:54	1	1	1	0
       49	2019-03-08 17:45:49	1	1	1	0
       47	2019-03-08 17:54:23	1	1	1	0
       48	2019-03-08 18:25:42	1	1	1	0
     2051	2019-03-08 18:26:06	1	1	1	0
       29	2019-03-08 18:26:28	1	1	1	0
       50	2019-03-08 18:30:52	1	1	1	0
       41	2019-03-08 18:53:22	1	1	1	0
     1066	2019-03-09 09:12:14	1	0	1	0
       33	2019-03-09 09:22:51	1	0	1	0
       48	2019-03-09 09:22:56	1	0	1	0
       29	2019-03-09 09:32:28	1	0	1	0
     1044	2019-03-09 10:10:27	1	0	1	0
       27	2019-03-09 10:14:03	1	0	1	0
     2051	2019-03-09 10:14:23	1	0	1	0
       32	2019-03-09 10:28:09	1	0	1	0
       48	2019-03-09 11:33:14	1	1	1	0
     1044	2019-03-09 12:25:44	1	1	1	0
       32	2019-03-09 17:02:41	1	1	1	0
     2051	2019-03-09 17:02:47	1	1	1	0
     1066	2019-03-09 17:04:55	1	1	1	0
       29	2019-03-09 17:12:44	1	1	1	0
       29	2019-03-09 17:12:57	1	0	1	0
       48	2019-03-09 18:04:38	1	1	1	0
       29	2019-03-09 19:08:48	1	1	1	0
       27	2019-03-09 19:33:25	1	1	1	0
       33	2019-03-11 07:18:02	1	0	1	0
       41	2019-03-11 08:13:13	1	0	1	0
     2051	2019-03-11 08:21:33	1	0	1	0
       47	2019-03-11 08:24:58	1	0	1	0
       48	2019-03-11 08:34:48	1	0	1	0
     1045	2019-03-11 08:41:45	1	0	1	0
     1066	2019-03-11 08:55:24	1	0	1	0
       50	2019-03-11 08:58:28	1	0	1	0
       29	2019-03-11 09:14:30	1	0	1	0
       32	2019-03-11 09:15:59	1	0	1	0
       49	2019-03-11 09:21:22	1	0	1	0
     1081	2019-03-11 09:28:55	1	0	1	0
     1030	2019-03-11 09:34:22	1	0	1	0
        1	2019-03-11 10:05:57	1	0	1	0
       27	2019-03-11 10:13:31	1	0	1	0
     1045	2019-03-11 10:40:33	1	1	1	0
       50	2019-03-11 11:18:50	1	1	1	0
       50	2019-03-11 11:19:43	1	0	1	0
     1030	2019-03-11 11:42:14	1	1	1	0
       33	2019-03-11 11:42:32	1	1	1	0
     1081	2019-03-11 12:15:35	1	1	1	0
       33	2019-03-11 12:21:46	1	0	1	0
        1	2019-03-11 12:23:02	1	1	1	0
       32	2019-03-11 12:26:57	1	1	1	0
     1079	2019-03-11 12:51:07	1	0	1	0
       50	2019-03-11 13:10:24	1	1	1	0
       32	2019-03-11 13:11:38	1	0	1	0
       49	2019-03-11 13:14:58	1	1	1	0
       41	2019-03-11 13:35:44	1	1	1	0
        1	2019-03-11 13:36:45	1	0	1	0
     1060	2019-03-11 13:45:35	1	0	1	0
       43	2019-03-11 14:00:12	1	0	1	0
       49	2019-03-11 14:00:14	1	0	1	0
       50	2019-03-11 14:00:21	1	0	1	0
     1079	2019-03-11 14:05:35	1	1	1	0
     1079	2019-03-11 14:19:59	1	0	1	0
       28	2019-03-11 14:49:15	1	0	1	0
       43	2019-03-11 14:53:15	1	1	1	0
     2051	2019-03-11 15:32:39	1	1	1	0
       33	2019-03-11 16:29:07	1	1	1	0
       43	2019-03-11 16:55:55	1	0	1	0
     1066	2019-03-11 17:05:32	1	1	1	0
       49	2019-03-11 17:21:13	1	1	1	0
     1081	2019-03-11 17:24:11	1	1	1	0
       28	2019-03-11 17:44:12	1	1	1	0
     1079	2019-03-11 17:44:49	1	1	1	0
     1111	2019-03-11 17:49:05	1	1	1	0
       47	2019-03-11 17:53:18	1	1	1	0
       43	2019-03-11 18:02:25	1	1	1	0
       32	2019-03-11 18:30:52	1	1	1	0
       29	2019-03-11 18:55:55	1	1	1	0
       48	2019-03-11 19:06:41	1	1	1	0
       50	2019-03-11 19:11:51	1	1	1	0
     1060	2019-03-11 19:17:06	1	1	1	0
       27	2019-03-11 19:17:20	1	1	1	0
        1	2019-03-11 19:36:05	1	1	1	0
     2051	2019-03-12 08:03:38	1	0	1	0
       49	2019-03-12 08:17:15	1	0	1	0
       33	2019-03-12 08:35:03	1	0	1	0
       28	2019-03-12 08:37:15	1	0	1	0
     1021	2019-03-12 08:56:22	1	0	1	0
       41	2019-03-12 08:57:14	1	0	1	0
       48	2019-03-12 09:04:53	1	0	1	0
     1082	2019-03-12 09:13:06	1	0	1	0
       50	2019-03-12 09:18:00	1	0	1	0
       32	2019-03-12 09:24:14	1	0	1	0
     1030	2019-03-12 09:25:26	1	0	1	0
       44	2019-03-12 09:25:34	1	0	1	0
     1033	2019-03-12 09:39:17	1	0	1	0
        2	2019-03-12 09:44:06	1	0	1	0
     1066	2019-03-12 09:44:14	1	0	1	0
       29	2019-03-12 09:46:47	1	0	1	0
     1079	2019-03-12 09:48:25	1	0	1	0
        1	2019-03-12 09:48:49	1	0	1	0
     1081	2019-03-12 10:01:51	1	0	1	0
     1080	2019-03-12 10:02:33	1	0	1	0
        3	2019-03-12 10:46:36	1	0	1	0
       28	2019-03-12 11:00:41	1	1	1	0
       41	2019-03-12 11:07:42	1	1	1	0
       27	2019-03-12 11:12:52	1	0	1	0
     1024	2019-03-12 11:39:22	1	0	1	0
       41	2019-03-12 11:53:10	1	0	1	0
       28	2019-03-12 11:53:12	1	0	1	0
     1079	2019-03-12 12:00:28	1	1	1	0
     1081	2019-03-12 12:02:37	1	1	1	0
       48	2019-03-12 12:05:05	1	1	1	0
     1080	2019-03-12 12:09:09	1	1	1	0
     1082	2019-03-12 12:09:28	1	1	1	0
       50	2019-03-12 12:27:30	1	1	1	0
     1021	2019-03-12 12:27:34	1	1	1	0
       49	2019-03-12 12:27:56	1	1	1	0
       44	2019-03-12 12:33:11	1	1	1	0
     1030	2019-03-12 12:38:21	1	1	1	0
       32	2019-03-12 12:38:38	1	1	1	0
        2	2019-03-12 12:40:12	1	1	1	0
       28	2019-03-12 12:40:14	1	1	1	0
     1031	2019-03-12 12:40:28	1	0	1	0
       32	2019-03-12 13:31:09	1	0	1	0
     1030	2019-03-12 13:31:26	1	0	1	0
       50	2019-03-12 13:31:47	1	0	1	0
       28	2019-03-12 13:48:48	1	0	1	0
        2	2019-03-12 13:48:52	1	0	1	0
     1081	2019-03-12 13:49:32	1	0	1	0
     1060	2019-03-12 13:51:05	1	0	1	0
     1024	2019-03-12 13:51:40	1	1	1	0
     1082	2019-03-12 13:57:40	1	1	1	0
     1082	2019-03-12 13:57:47	1	0	1	0
     1080	2019-03-12 13:57:53	1	0	1	0
       44	2019-03-12 14:08:18	1	0	1	0
       49	2019-03-12 14:13:10	1	0	1	0
       33	2019-03-12 14:29:07	1	1	1	0
       43	2019-03-12 14:29:45	1	0	1	0
     1079	2019-03-12 14:32:46	1	0	1	0
     1045	2019-03-12 14:34:46	1	0	1	0
     1079	2019-03-12 15:01:08	1	1	1	0
        3	2019-03-12 15:03:07	1	1	1	0
        3	2019-03-12 15:51:51	1	0	1	0
        3	2019-03-12 15:53:48	1	0	1	0
       44	2019-03-12 15:55:49	1	1	1	0
       32	2019-03-12 15:59:43	1	1	1	0
     1066	2019-03-12 16:06:40	1	1	1	0
     1033	2019-03-12 16:55:26	1	1	1	0
       41	2019-03-12 16:55:36	1	1	1	0
     2051	2019-03-12 17:07:25	1	1	1	0
     1030	2019-03-12 17:16:44	1	1	1	0
        2	2019-03-12 17:31:38	1	1	1	0
       48	2019-03-12 17:34:20	1	1	1	0
       28	2019-03-12 18:04:53	1	1	1	0
     1081	2019-03-12 18:21:19	1	1	1	0
       49	2019-03-12 18:22:49	1	1	1	0
     1080	2019-03-12 18:25:30	1	1	1	0
     1082	2019-03-12 18:25:35	1	1	1	0
       43	2019-03-12 18:27:46	1	1	1	0
       50	2019-03-12 18:41:07	1	1	1	0
     1021	2019-03-12 18:41:11	1	1	1	0
       29	2019-03-12 18:54:33	1	1	1	0
       48	2019-03-12 18:58:09	1	1	1	0
     1060	2019-03-12 18:58:37	1	1	1	0
       27	2019-03-12 18:58:45	1	1	1	0
        1	2019-03-12 19:05:27	1	1	1	0
        3	2019-03-12 19:50:49	1	1	1	0
       49	2019-03-13 07:14:31	1	1	1	0
       28	2019-03-13 07:52:23	1	0	1	0
     2051	2019-03-13 08:35:36	1	0	1	0
     1082	2019-03-13 08:43:50	1	0	1	0
     1081	2019-03-13 08:56:16	1	0	1	0
       50	2019-03-13 08:56:44	1	0	1	0
     1066	2019-03-13 09:06:28	1	0	1	0
       44	2019-03-13 09:06:34	1	0	1	0
       33	2019-03-13 09:07:54	1	0	1	0
       32	2019-03-13 09:07:59	1	0	1	0
       41	2019-03-13 09:08:09	1	0	1	0
     1060	2019-03-13 09:13:28	1	0	1	0
       47	2019-03-13 09:18:48	1	0	1	0
       48	2019-03-13 09:23:54	1	0	1	0
     1080	2019-03-13 09:25:19	1	0	1	0
     1078	2019-03-13 09:30:20	1	0	1	0
        2	2019-03-13 09:34:51	1	0	1	0
       29	2019-03-13 09:37:10	1	0	1	0
        1	2019-03-13 09:49:09	1	0	1	0
       50	2019-03-13 10:04:55	1	1	1	0
     2057	2019-03-13 10:13:41	1	0	1	0
        3	2019-03-13 10:19:14	1	0	1	0
       50	2019-03-13 10:29:21	1	0	1	0
     1033	2019-03-13 10:29:31	1	0	1	0
     1060	2019-03-13 10:34:58	1	1	1	0
       27	2019-03-13 11:00:13	1	0	1	0
     1079	2019-03-13 11:10:37	1	0	1	0
     1079	2019-03-13 11:18:03	1	1	1	0
     1060	2019-03-13 11:21:00	1	0	1	0
     1060	2019-03-13 11:31:49	1	1	1	0
     2051	2019-03-13 11:32:01	1	1	1	0
     1030	2019-03-13 11:33:07	1	0	1	0
     1081	2019-03-13 12:12:46	1	1	1	0
     1031	2019-03-13 12:17:25	1	0	1	0
     1007	2019-03-13 12:18:35	1	0	1	0
       44	2019-03-13 12:18:43	1	0	1	0
     1007	2019-03-13 12:18:48	1	1	1	0
       44	2019-03-13 12:18:53	1	1	1	0
     1067	2019-03-13 12:18:59	1	0	1	0
     2057	2019-03-13 12:24:07	1	1	1	0
     1079	2019-03-13 12:33:12	1	0	1	0
     1082	2019-03-13 12:48:53	1	1	1	0
     1080	2019-03-13 12:49:00	1	1	1	0
     1060	2019-03-13 12:50:55	1	0	1	0
     2051	2019-03-13 12:50:57	1	0	1	0
       42	2019-03-13 12:56:44	1	0	1	0
       50	2019-03-13 12:58:00	1	1	1	0
       41	2019-03-13 13:19:13	1	1	1	0
       28	2019-03-13 13:19:17	1	1	1	0
        1	2019-03-13 13:29:59	1	1	1	0
       50	2019-03-13 13:30:38	1	0	1	0
     1054	2019-03-13 13:31:42	1	0	1	0
       48	2019-03-13 13:36:15	1	1	1	0
       44	2019-03-13 13:36:40	1	0	1	0
     1030	2019-03-13 13:37:11	1	1	1	0
       43	2019-03-13 13:45:56	1	0	1	0
       42	2019-03-13 13:46:57	1	1	1	0
       50	2019-03-13 13:47:02	1	1	1	0
     1081	2019-03-13 13:47:31	1	0	1	0
     2057	2019-03-13 13:58:47	1	0	1	0
     1080	2019-03-13 14:00:18	1	0	1	0
     1082	2019-03-13 14:00:23	1	0	1	0
        1	2019-03-13 14:07:49	1	0	1	0
     1054	2019-03-13 14:16:09	1	1	1	0
       32	2019-03-13 14:24:06	1	1	1	0
     2051	2019-03-13 14:24:11	1	1	1	0
       41	2019-03-13 14:45:44	1	0	1	0
       32	2019-03-13 14:46:04	1	0	1	0
     2051	2019-03-13 14:46:19	1	0	1	0
       28	2019-03-13 14:46:39	1	0	1	0
     1067	2019-03-13 14:48:41	1	1	1	0
       49	2019-03-13 14:51:46	1	1	1	0
       33	2019-03-13 14:57:08	1	1	1	0
     1030	2019-03-13 15:05:06	1	0	1	0
     1033	2019-03-13 15:05:57	1	1	1	0
       43	2019-03-13 15:09:13	1	1	1	0
       33	2019-03-13 15:28:29	1	0	1	0
       43	2019-03-13 15:52:13	1	0	1	0
        3	2019-03-13 16:03:51	1	1	1	0
     1060	2019-03-13 16:09:19	1	1	1	0
       42	2019-03-13 16:14:48	1	0	1	0
       50	2019-03-13 16:14:54	1	0	1	0
        3	2019-03-13 16:31:02	1	0	1	0
       44	2019-03-13 16:33:11	1	1	1	0
     2057	2019-03-13 16:39:32	1	1	1	0
       43	2019-03-13 16:40:56	1	1	1	0
       49	2019-03-13 16:42:11	1	0	1	0
     1066	2019-03-13 16:53:09	1	1	1	0
     1060	2019-03-13 16:54:49	1	0	1	0
     1082	2019-03-13 16:57:58	1	1	1	0
       42	2019-03-13 17:16:21	1	1	1	0
     1031	2019-03-13 17:16:32	1	1	1	0
       33	2019-03-13 17:18:30	1	1	1	0
     1081	2019-03-13 17:20:58	1	1	1	0
       28	2019-03-13 17:31:10	1	1	1	0
     1021	2019-03-13 17:34:48	1	1	1	0
     1030	2019-03-13 17:40:18	1	1	1	0
     1080	2019-03-13 17:42:46	1	1	1	0
       32	2019-03-13 17:47:39	1	1	1	0
       49	2019-03-13 17:50:45	1	1	1	0
       47	2019-03-13 17:53:34	1	1	1	0
     2051	2019-03-13 18:09:13	1	1	1	0
     2051	2019-03-13 18:09:39	1	1	1	0
       29	2019-03-13 18:50:05	1	1	1	0
       48	2019-03-13 18:53:58	1	1	1	0
       43	2019-03-13 19:03:07	1	0	1	0
       50	2019-03-13 19:10:38	1	1	1	0
       41	2019-03-13 19:19:22	1	1	1	0
     1079	2019-03-13 19:21:31	1	1	1	0
        1	2019-03-13 19:35:23	1	1	1	0
        2	2019-03-13 19:40:08	1	1	1	0
     1060	2019-03-13 19:40:51	1	1	1	0
        3	2019-03-13 19:42:37	1	1	1	0
     1078	2019-03-13 19:44:08	1	1	1	0
     1054	2019-03-13 19:49:40	1	1	1	0
     1060	2019-03-14 08:12:43	1	0	1	0
     1030	2019-03-14 08:14:32	1	0	1	0
     2051	2019-03-14 08:29:00	1	0	1	0
       47	2019-03-14 08:33:48	1	0	1	0
        1	2019-03-14 08:35:36	1	0	1	0
     1082	2019-03-14 08:49:57	1	0	1	0
     1081	2019-03-14 08:58:27	1	0	1	0
       50	2019-03-14 08:58:57	1	0	1	0
     1067	2019-03-14 09:00:43	1	0	1	0
       28	2019-03-14 09:00:46	1	0	1	0
     1033	2019-03-14 09:07:13	1	0	1	0
     1066	2019-03-14 09:09:40	1	0	1	0
       33	2019-03-14 09:10:21	1	0	1	0
       44	2019-03-14 09:15:18	1	0	1	0
     1080	2019-03-14 09:16:46	1	0	1	0
       32	2019-03-14 09:23:04	1	0	1	0
       48	2019-03-14 09:23:54	1	0	1	0
       41	2019-03-14 09:32:34	1	0	1	0
       49	2019-03-14 09:45:18	1	0	1	0
     1079	2019-03-14 09:47:28	1	0	1	0
        3	2019-03-14 10:07:58	1	0	1	0
       29	2019-03-14 10:19:08	1	0	1	0
     1060	2019-03-14 10:41:22	1	1	1	0
       50	2019-03-14 10:41:36	1	1	1	0
     2057	2019-03-14 10:45:35	1	0	1	0
       49	2019-03-14 10:49:02	1	1	1	0
       50	2019-03-14 10:56:54	1	0	1	0
       42	2019-03-14 10:59:40	1	0	1	0
       27	2019-03-14 11:17:28	1	0	1	0
     1080	2019-03-14 11:29:18	1	0	1	0
     1033	2019-03-14 11:36:24	1	1	1	0
       41	2019-03-14 11:36:27	1	1	1	0
       28	2019-03-14 12:06:18	1	1	1	0
       43	2019-03-14 12:10:09	1	0	1	0
     1033	2019-03-14 12:39:32	1	1	1	0
     1033	2019-03-14 12:39:36	1	0	1	0
       41	2019-03-14 12:39:43	1	0	1	0
     1082	2019-03-14 12:44:40	1	1	1	0
     1033	2019-03-14 12:52:01	1	1	1	0
     2057	2019-03-14 12:53:53	1	1	1	0
       44	2019-03-14 13:00:21	1	1	1	0
     1079	2019-03-14 13:04:19	1	1	1	0
     1060	2019-03-14 13:11:57	1	0	1	0
     2051	2019-03-14 13:13:34	1	1	1	0
       33	2019-03-14 13:42:22	1	1	1	0
     1081	2019-03-14 13:57:00	1	1	1	0
       44	2019-03-14 13:57:17	1	0	1	0
     1080	2019-03-14 13:59:47	1	0	1	0
     1079	2019-03-14 14:00:08	1	0	1	0
       33	2019-03-14 14:04:26	1	0	1	0
     1082	2019-03-14 14:08:28	1	0	1	0
     1031	2019-03-14 14:15:13	1	0	1	0
     1060	2019-03-14 14:18:50	1	1	1	0
       49	2019-03-14 14:32:46	1	0	1	0
     2051	2019-03-14 14:38:03	1	0	1	0
     1066	2019-03-14 14:41:17	1	1	1	0
       28	2019-03-14 14:45:29	1	0	1	0
        3	2019-03-14 15:15:37	1	1	1	0
       42	2019-03-14 15:18:52	1	1	1	0
       29	2019-03-14 15:23:11	1	1	1	0
       29	2019-03-14 15:23:26	1	0	1	0
       41	2019-03-14 15:24:06	1	1	1	0
       41	2019-03-14 15:27:30	1	0	1	0
       32	2019-03-14 15:35:20	1	1	1	0
     1081	2019-03-14 15:36:33	1	0	1	0
       33	2019-03-14 15:59:03	1	1	1	0
       48	2019-03-14 16:01:22	1	1	1	0
       48	2019-03-14 16:01:28	1	0	1	0
     1079	2019-03-14 16:08:28	1	1	1	0
       49	2019-03-14 16:11:56	1	1	1	0
       42	2019-03-14 16:19:55	1	0	1	0
     1067	2019-03-14 16:23:01	1	1	1	0
       48	2019-03-14 17:02:48	1	1	1	0
       29	2019-03-14 17:02:50	1	1	1	0
     1030	2019-03-14 17:02:59	1	1	1	0
       50	2019-03-14 17:05:51	1	1	1	0
       48	2019-03-14 17:11:13	1	0	1	0
       29	2019-03-14 17:11:45	1	0	1	0
     1080	2019-03-14 17:33:28	1	0	1	0
     1080	2019-03-14 17:33:35	1	1	1	0
     1082	2019-03-14 17:33:42	1	1	1	0
     1081	2019-03-14 17:35:32	1	1	1	0
       44	2019-03-14 17:45:03	1	1	1	0
       43	2019-03-14 17:46:41	1	1	1	0
     2051	2019-03-14 17:53:31	1	1	1	0
       42	2019-03-14 18:20:40	1	1	1	0
       41	2019-03-14 18:51:00	1	1	1	0
       47	2019-03-14 18:53:21	1	1	1	0
        1	2019-03-14 18:57:30	1	1	1	0
        1	2019-03-14 18:59:04	1	1	1	0
        3	2019-03-14 19:01:45	1	1	1	0
       48	2019-03-14 19:27:47	1	1	1	0
       29	2019-03-14 19:27:55	1	1	1	0
       28	2019-03-14 19:29:57	1	1	1	0
       28	2019-03-14 19:31:00	1	1	1	0
     1031	2019-03-14 19:40:28	1	1	1	0
       27	2019-03-14 19:40:33	1	1	1	0
       28	2019-03-15 08:37:37	1	0	1	0
       50	2019-03-15 08:45:11	1	0	1	0
     1082	2019-03-15 08:46:08	1	0	1	0
     1067	2019-03-15 08:56:16	1	0	1	0
       49	2019-03-15 08:57:24	1	0	1	0
     1060	2019-03-15 09:03:29	1	0	1	0
       44	2019-03-15 09:16:36	1	0	1	0
       48	2019-03-15 09:21:27	1	0	1	0
     1030	2019-03-15 09:22:14	1	0	1	0
        2	2019-03-15 09:24:11	1	0	1	0
     1066	2019-03-15 09:25:34	1	0	1	0
       32	2019-03-15 09:36:26	1	0	1	0
        1	2019-03-15 09:37:54	1	0	1	0
       41	2019-03-15 09:39:02	1	0	1	0
     1081	2019-03-15 09:45:42	1	0	1	0
     1021	2019-03-15 09:48:32	1	1	1	0
     1021	2019-03-15 09:48:39	1	0	1	0
       49	2019-03-15 09:51:22	1	0	1	0
       49	2019-03-15 09:51:27	1	1	1	0
       50	2019-03-15 09:51:33	1	1	1	0
     1080	2019-03-15 09:52:41	1	1	1	0
     1080	2019-03-15 09:53:30	1	0	1	0
     2051	2019-03-15 10:08:54	1	0	1	0
       47	2019-03-15 10:10:15	1	0	1	0
     1079	2019-03-15 10:13:56	1	0	1	0
       50	2019-03-15 10:15:56	1	0	1	0
     1078	2019-03-15 10:35:18	1	0	1	0
       29	2019-03-15 10:41:32	1	0	1	0
     1033	2019-03-15 11:39:49	1	4	1	0
     1033	2019-03-15 11:39:57	1	0	1	0
     1030	2019-03-15 11:57:44	1	1	1	0
       42	2019-03-15 12:05:29	1	0	1	0
       43	2019-03-15 12:05:52	1	0	1	0
     1081	2019-03-15 12:08:40	1	1	1	0
     1030	2019-03-15 12:12:52	1	0	1	0
       44	2019-03-15 12:22:17	1	1	1	0
       32	2019-03-15 12:25:12	1	1	1	0
     1080	2019-03-15 12:40:00	1	1	1	0
       28	2019-03-15 12:41:38	1	1	1	0
       48	2019-03-15 12:43:02	1	1	1	0
     1082	2019-03-15 12:44:59	1	1	1	0
        2	2019-03-15 12:48:16	1	1	1	0
     1060	2019-03-15 12:59:21	1	1	1	0
     2051	2019-03-15 13:02:02	1	1	1	0
       48	2019-03-15 13:06:43	1	0	1	0
     1021	2019-03-15 13:08:35	1	1	1	0
     1081	2019-03-15 13:08:45	1	0	1	0
       44	2019-03-15 13:21:38	1	0	1	0
       50	2019-03-15 13:23:39	1	1	1	0
       49	2019-03-15 13:23:45	1	1	1	0
        2	2019-03-15 13:42:34	1	0	1	0
       28	2019-03-15 13:42:37	1	0	1	0
       43	2019-03-15 13:59:01	1	1	1	0
     1079	2019-03-15 13:59:08	1	1	1	0
     1054	2019-03-15 14:16:17	1	0	1	0
     1082	2019-03-15 14:22:47	1	0	1	0
     1083	2019-03-15 14:22:50	1	0	1	0
     1080	2019-03-15 14:22:55	1	0	1	0
        3	2019-03-15 14:26:57	1	0	1	0
       27	2019-03-15 14:27:14	1	0	1	0
       50	2019-03-15 14:27:19	1	0	1	0
       48	2019-03-15 14:30:45	1	1	1	0
     1066	2019-03-15 14:32:10	1	1	1	0
     1067	2019-03-15 14:41:54	1	1	1	0
       48	2019-03-15 14:46:35	1	0	1	0
       49	2019-03-15 15:17:18	1	0	1	0
       48	2019-03-15 16:45:03	1	1	1	0
       47	2019-03-15 17:28:37	1	1	1	0
       28	2019-03-15 17:38:17	1	1	1	0
       42	2019-03-15 18:17:42	1	1	1	0
       44	2019-03-15 18:21:47	1	1	1	0
     1080	2019-03-15 18:37:57	1	1	1	0
     1083	2019-03-15 18:38:03	1	1	1	0
     1082	2019-03-15 18:38:09	1	1	1	0
     1081	2019-03-15 18:40:44	1	1	1	0
        2	2019-03-15 18:46:39	1	1	1	0
     1030	2019-03-15 19:01:33	1	1	1	0
     1033	2019-03-15 19:07:29	1	1	1	0
       41	2019-03-15 19:07:36	1	1	1	0
     1078	2019-03-15 19:07:39	1	1	1	0
       29	2019-03-15 19:13:39	1	1	1	0
        1	2019-03-15 19:18:26	1	1	1	0
     1054	2019-03-15 19:32:36	1	1	1	0
       50	2019-03-15 19:47:52	1	1	1	0
       27	2019-03-15 19:48:27	1	1	1	0
        3	2019-03-15 19:50:31	1	1	1	0
     1066	2019-03-16 08:50:52	1	0	1	0
     1067	2019-03-16 09:31:20	1	0	1	0
       48	2019-03-16 09:47:32	1	0	1	0
       29	2019-03-16 10:01:13	1	0	1	0
     1078	2019-03-16 10:16:01	1	0	1	0
       27	2019-03-16 10:50:24	1	0	1	0
       28	2019-03-16 12:06:33	1	0	1	0
       28	2019-03-16 12:37:58	1	1	1	0
     1067	2019-03-16 12:55:59	1	1	1	0
       28	2019-03-16 14:40:07	1	0	1	0
     1054	2019-03-16 15:04:06	1	0	1	0
       48	2019-03-16 15:15:08	1	1	1	0
       48	2019-03-16 15:31:23	1	0	1	0
       48	2019-03-16 16:32:13	1	1	1	0
     1066	2019-03-16 16:50:08	1	1	1	0
       48	2019-03-16 17:00:55	1	0	1	0
       43	2019-03-16 17:03:01	1	0	1	0
       29	2019-03-16 19:15:41	1	1	1	0
       27	2019-03-16 19:15:59	1	1	1	0
       48	2019-03-16 19:16:04	1	1	1	0
       43	2019-03-16 19:51:33	1	1	1	0
     1078	2019-03-16 19:52:02	1	1	1	0
       28	2019-03-18 08:20:32	1	0	1	0
     1080	2019-03-18 08:31:30	1	0	1	0
       44	2019-03-18 08:36:40	1	0	1	0
       47	2019-03-18 08:46:56	1	0	1	0
       41	2019-03-18 08:55:11	1	0	1	0
       50	2019-03-18 08:57:49	1	0	1	0
     1082	2019-03-18 09:07:16	1	0	1	0
     1067	2019-03-18 09:14:28	1	0	1	0
       29	2019-03-18 09:15:28	1	0	1	0
     1030	2019-03-18 09:18:20	1	0	1	0
       28	2019-03-18 09:23:16	1	1	1	0
     1081	2019-03-18 09:27:17	1	0	1	0
       48	2019-03-18 09:29:41	1	0	1	0
        2	2019-03-18 09:41:14	1	0	1	0
       49	2019-03-18 09:50:32	1	0	1	0
       50	2019-03-18 09:55:14	1	1	1	0
     1083	2019-03-18 09:56:14	1	0	1	0
       28	2019-03-18 10:05:42	1	0	1	0
       50	2019-03-18 10:07:16	1	0	1	0
        1	2019-03-18 10:23:17	1	0	1	0
       27	2019-03-18 10:24:22	1	0	1	0
       42	2019-03-18 10:30:54	1	0	1	0
        9	2019-03-18 10:41:23	1	0	1	0
        3	2019-03-18 10:42:53	1	0	1	0
     1031	2019-03-18 11:43:00	1	0	1	0
     2055	2019-03-18 11:51:18	1	0	1	0
       44	2019-03-18 11:51:42	1	1	1	0
     1081	2019-03-18 12:02:16	1	1	1	0
     1082	2019-03-18 12:44:30	1	1	1	0
     1083	2019-03-18 12:44:35	1	1	1	0
     1080	2019-03-18 12:44:39	1	1	1	0
       32	2019-03-18 12:47:32	1	0	1	0
       48	2019-03-18 12:47:36	1	0	1	0
       44	2019-03-18 12:53:13	1	0	1	0
       43	2019-03-18 13:09:45	1	0	1	0
     1067	2019-03-18 13:24:35	1	1	1	0
       50	2019-03-18 13:28:05	1	1	1	0
     1030	2019-03-18 13:28:07	1	1	1	0
       49	2019-03-18 13:30:46	1	1	1	0
       28	2019-03-18 13:39:36	1	1	1	0
     1081	2019-03-18 13:53:21	1	0	1	0
     1033	2019-03-18 13:55:42	1	0	1	0
        2	2019-03-18 14:05:56	1	1	1	0
     1082	2019-03-18 14:07:49	1	0	1	0
     1083	2019-03-18 14:07:53	1	0	1	0
     1080	2019-03-18 14:07:57	1	0	1	0
     1030	2019-03-18 14:09:14	1	0	1	0
       49	2019-03-18 14:09:20	1	0	1	0
       50	2019-03-18 14:09:25	1	0	1	0
       29	2019-03-18 14:17:25	1	1	1	0
        3	2019-03-18 14:26:12	1	0	1	0
        3	2019-03-18 14:28:05	1	1	1	0
     2057	2019-03-18 14:36:48	1	0	1	0
       28	2019-03-18 14:52:09	1	0	1	0
       29	2019-03-18 14:53:56	1	0	1	0
       41	2019-03-18 15:21:48	1	1	1	0
     1033	2019-03-18 15:21:54	1	1	1	0
       50	2019-03-18 15:28:24	1	1	1	0
       48	2019-03-18 15:35:42	1	1	1	0
       32	2019-03-18 15:36:36	1	1	1	0
        3	2019-03-18 15:38:45	1	0	1	0
       41	2019-03-18 15:45:47	1	0	1	0
       50	2019-03-18 15:48:44	1	0	1	0
     1054	2019-03-18 15:49:45	1	0	1	0
     1030	2019-03-18 16:19:14	1	1	1	0
       42	2019-03-18 16:34:44	1	1	1	0
     1082	2019-03-18 16:44:10	1	1	1	0
     1080	2019-03-18 16:44:44	1	1	1	0
     1083	2019-03-18 16:51:47	1	1	1	0
       44	2019-03-18 16:55:38	1	1	1	0
       43	2019-03-18 16:58:03	1	1	1	0
       49	2019-03-18 17:13:56	1	1	1	0
       28	2019-03-18 17:30:58	1	1	1	0
       41	2019-03-18 17:33:11	1	1	1	0
     1081	2019-03-18 17:41:42	1	1	1	0
       47	2019-03-18 17:59:05	1	1	1	0
       29	2019-03-18 18:48:33	1	1	1	0
       50	2019-03-18 18:59:13	1	1	1	0
       27	2019-03-18 19:31:14	1	1	1	0
     1054	2019-03-18 19:31:20	1	1	1	0
        1	2019-03-18 19:33:37	1	1	1	0
        3	2019-03-18 19:48:21	1	1	1	0
     2057	2019-03-18 19:51:37	1	1	1	0
        1	2019-03-18 19:55:22	1	1	1	0
       33	2019-03-19 07:28:06	1	0	1	0
     1083	2019-03-19 08:20:00	1	0	1	0
       49	2019-03-19 08:40:22	1	0	1	0
       50	2019-03-19 08:48:07	1	0	1	0
       44	2019-03-19 08:48:11	1	0	1	0
     1067	2019-03-19 08:51:34	1	0	1	0
        1	2019-03-19 08:57:35	1	0	1	0
     1082	2019-03-19 08:59:00	1	0	1	0
     1080	2019-03-19 09:10:40	1	0	1	0
     2051	2019-03-19 09:13:21	1	0	1	0
     1066	2019-03-19 09:15:59	1	0	1	0
       41	2019-03-19 09:21:14	1	0	1	0
       32	2019-03-19 09:24:49	1	0	1	0
     1021	2019-03-19 09:24:52	1	0	1	0
     1078	2019-03-19 09:33:01	1	0	1	0
       48	2019-03-19 09:34:34	1	0	1	0
     1081	2019-03-19 09:41:11	1	0	1	0
     1033	2019-03-19 09:42:04	1	0	1	0
       28	2019-03-19 09:42:05	1	0	1	0
     1030	2019-03-19 09:42:51	1	0	1	0
        9	2019-03-19 09:54:00	1	0	1	0
       42	2019-03-19 10:06:31	1	0	1	0
     1044	2019-03-19 10:13:42	1	0	1	0
       28	2019-03-19 10:17:37	1	1	1	0
       29	2019-03-19 10:27:23	1	0	1	0
     1081	2019-03-19 10:34:39	1	1	1	0
     1054	2019-03-19 10:41:51	1	0	1	0
     1031	2019-03-19 10:57:40	1	0	1	0
       27	2019-03-19 11:00:24	1	0	1	0
     1081	2019-03-19 11:01:35	1	0	1	0
     1079	2019-03-19 11:26:13	1	0	1	0
       32	2019-03-19 12:01:19	1	0	1	0
       32	2019-03-19 12:01:24	1	1	1	0
       33	2019-03-19 12:01:29	1	1	1	0
       44	2019-03-19 12:04:24	1	1	1	0
       28	2019-03-19 12:07:19	1	0	1	0
       49	2019-03-19 12:12:14	1	1	1	0
     1067	2019-03-19 12:14:55	1	0	1	0
     1066	2019-03-19 12:15:00	1	0	1	0
     1080	2019-03-19 12:16:00	1	1	1	0
     1082	2019-03-19 12:16:03	1	1	1	0
     1083	2019-03-19 12:16:20	1	1	1	0
     1030	2019-03-19 12:46:28	1	1	1	0
       50	2019-03-19 12:46:31	1	1	1	0
        9	2019-03-19 12:56:19	1	1	1	0
     1081	2019-03-19 13:01:28	1	1	1	0
       33	2019-03-19 13:06:25	1	0	1	0
       32	2019-03-19 13:06:31	1	0	1	0
       48	2019-03-19 13:06:37	1	1	1	0
       48	2019-03-19 13:06:43	1	0	1	0
       44	2019-03-19 13:24:06	1	0	1	0
       49	2019-03-19 13:30:05	1	0	1	0
       43	2019-03-19 13:30:24	1	0	1	0
       50	2019-03-19 13:37:41	1	0	1	0
     1083	2019-03-19 13:46:41	1	0	1	0
     1080	2019-03-19 13:46:46	1	0	1	0
     1082	2019-03-19 13:46:50	1	0	1	0
        3	2019-03-19 14:11:32	1	0	1	0
     1081	2019-03-19 14:11:49	1	0	1	0
     1054	2019-03-19 14:16:20	1	1	1	0
     1031	2019-03-19 14:16:22	1	1	1	0
     1044	2019-03-19 14:29:08	1	1	1	0
     1033	2019-03-19 14:35:08	1	1	1	0
       28	2019-03-19 15:30:43	1	1	1	0
       28	2019-03-19 15:40:38	1	0	1	0
       48	2019-03-19 15:48:31	1	1	1	0
     1067	2019-03-19 16:19:11	1	1	1	0
       43	2019-03-19 16:22:01	1	1	1	0
       49	2019-03-19 16:22:05	1	1	1	0
       43	2019-03-19 16:22:15	1	0	1	0
     1031	2019-03-19 16:29:00	1	0	1	0
     1054	2019-03-19 16:29:03	1	0	1	0
     1066	2019-03-19 16:54:40	1	1	1	0
       28	2019-03-19 16:57:32	1	1	1	0
       41	2019-03-19 16:58:05	1	1	1	0
       29	2019-03-19 16:59:31	1	1	1	0
       32	2019-03-19 17:00:21	1	1	1	0
       27	2019-03-19 17:00:28	1	1	1	0
     2051	2019-03-19 17:04:43	1	1	1	0
       41	2019-03-19 17:15:50	1	0	1	0
       28	2019-03-19 17:15:53	1	0	1	0
     1078	2019-03-19 17:16:16	1	1	1	0
       48	2019-03-19 17:31:29	1	0	1	0
       44	2019-03-19 17:34:58	1	1	1	0
       33	2019-03-19 17:35:54	1	1	1	0
       28	2019-03-19 17:36:06	1	1	1	0
       50	2019-03-19 17:41:48	1	1	1	0
       43	2019-03-19 18:21:22	1	1	1	0
       42	2019-03-19 18:24:53	1	1	1	0
     1081	2019-03-19 18:29:12	1	1	1	0
     1080	2019-03-19 18:29:51	1	1	1	0
     1083	2019-03-19 18:29:53	1	1	1	0
     1082	2019-03-19 18:30:08	1	1	1	0
       41	2019-03-19 19:03:39	1	1	1	0
        1	2019-03-19 19:09:40	1	1	1	0
       48	2019-03-19 19:32:58	1	1	1	0
        3	2019-03-19 19:43:02	1	1	1	0
       47	2019-03-20 08:21:46	1	0	1	0
       33	2019-03-20 08:49:11	1	0	1	0
       49	2019-03-20 08:50:58	1	0	1	0
     1080	2019-03-20 08:51:16	1	0	1	0
     1079	2019-03-20 08:52:37	1	0	1	0
     1067	2019-03-20 08:57:31	1	0	1	0
       50	2019-03-20 08:58:58	1	0	1	0
     1082	2019-03-20 09:02:46	1	0	1	0
     1083	2019-03-20 09:03:32	1	0	1	0
     2051	2019-03-20 09:03:55	1	0	1	0
       48	2019-03-20 09:09:02	1	0	1	0
       44	2019-03-20 09:20:53	1	0	1	0
     1081	2019-03-20 09:23:56	1	0	1	0
     1030	2019-03-20 09:26:28	1	0	1	0
        1	2019-03-20 09:27:22	1	0	1	0
     1021	2019-03-20 09:28:35	1	0	1	0
     1066	2019-03-20 09:29:54	1	0	1	0
       41	2019-03-20 09:31:21	1	0	1	0
       28	2019-03-20 09:32:15	1	0	1	0
       32	2019-03-20 09:32:32	1	0	1	0
       29	2019-03-20 09:52:01	1	0	1	0
       42	2019-03-20 10:05:30	1	0	1	0
        3	2019-03-20 10:20:46	1	0	1	0
     1033	2019-03-20 10:27:16	1	0	1	0
     1078	2019-03-20 10:57:42	1	0	1	0
       27	2019-03-20 10:59:56	1	0	1	0
       42	2019-03-20 11:28:33	1	1	1	0
       48	2019-03-20 11:47:23	1	1	1	0
       32	2019-03-20 11:48:07	1	1	1	0
     1080	2019-03-20 11:52:12	1	1	1	0
     1082	2019-03-20 11:57:27	1	1	1	0
     1081	2019-03-20 11:58:03	1	1	1	0
       28	2019-03-20 12:08:13	1	1	1	0
       50	2019-03-20 12:08:18	1	1	1	0
       43	2019-03-20 12:09:45	1	0	1	0
       50	2019-03-20 12:16:30	1	0	1	0
       44	2019-03-20 12:42:45	1	1	1	0
       28	2019-03-20 12:44:59	1	0	1	0
       33	2019-03-20 12:48:56	1	1	1	0
     1083	2019-03-20 13:04:17	1	1	1	0
       32	2019-03-20 13:07:32	1	0	1	0
       48	2019-03-20 13:08:08	1	0	1	0
       49	2019-03-20 13:13:15	1	1	1	0
       50	2019-03-20 13:13:39	1	1	1	0
       43	2019-03-20 13:13:43	1	1	1	0
     1030	2019-03-20 13:13:47	1	1	1	0
     1021	2019-03-20 13:13:53	1	1	1	0
     1067	2019-03-20 13:16:43	1	1	1	0
       33	2019-03-20 13:22:11	1	0	1	0
        2	2019-03-20 13:24:26	1	1	1	0
        2	2019-03-20 13:24:31	1	0	1	0
       44	2019-03-20 13:29:33	1	0	1	0
       41	2019-03-20 13:33:11	1	1	1	0
     1081	2019-03-20 13:33:59	1	0	1	0
     1021	2019-03-20 13:53:25	1	1	1	0
     1021	2019-03-20 13:53:30	1	0	1	0
       43	2019-03-20 13:53:35	1	0	1	0
     1030	2019-03-20 13:53:39	1	0	1	0
       49	2019-03-20 13:53:43	1	0	1	0
       50	2019-03-20 13:53:48	1	0	1	0
     1083	2019-03-20 14:26:42	1	0	1	0
     1082	2019-03-20 14:26:47	1	0	1	0
     1080	2019-03-20 14:26:54	1	0	1	0
     1082	2019-03-20 14:26:58	1	0	1	0
     1030	2019-03-20 14:38:06	1	1	1	0
        3	2019-03-20 14:44:55	1	1	1	0
     1079	2019-03-20 15:14:57	1	1	1	0
       41	2019-03-20 15:18:20	1	0	1	0
        3	2019-03-20 15:26:24	1	0	1	0
     1044	2019-03-20 15:32:45	1	0	1	0
     1054	2019-03-20 15:51:21	1	0	1	0
     1083	2019-03-20 16:29:45	1	1	1	0
     1066	2019-03-20 16:50:22	1	1	1	0
       44	2019-03-20 16:52:21	1	1	1	0
     1044	2019-03-20 17:13:06	1	1	1	0
       49	2019-03-20 17:23:04	1	1	1	0
     2051	2019-03-20 17:32:41	1	1	1	0
     1067	2019-03-20 17:41:48	1	0	1	0
     1021	2019-03-20 17:45:45	1	1	1	0
       28	2019-03-20 17:47:24	1	1	1	0
       47	2019-03-20 17:58:10	1	1	1	0
     1033	2019-03-20 18:08:27	1	1	1	0
     1081	2019-03-20 18:09:42	1	1	1	0
        1	2019-03-20 18:16:45	1	1	1	0
       29	2019-03-20 18:18:42	1	1	1	0
       32	2019-03-20 18:20:58	1	1	1	0
       43	2019-03-20 18:25:49	1	1	1	0
       33	2019-03-20 18:27:25	1	1	1	0
        3	2019-03-20 18:32:55	1	1	1	0
     1082	2019-03-20 18:35:46	1	1	1	0
     1080	2019-03-20 18:35:56	1	1	1	0
       41	2019-03-20 18:40:44	1	1	1	0
       50	2019-03-20 18:45:14	1	1	1	0
     1078	2019-03-20 18:50:06	1	1	1	0
       48	2019-03-20 19:53:30	1	1	1	0
       27	2019-03-20 19:53:43	1	1	1	0
     1067	2019-03-20 19:55:04	1	1	1	0
       33	2019-03-21 07:43:44	1	0	1	0
       47	2019-03-21 08:33:28	1	0	1	0
     2051	2019-03-21 08:35:32	1	0	1	0
     1079	2019-03-21 08:44:37	1	0	1	0
       28	2019-03-21 08:44:58	1	0	1	0
       49	2019-03-21 08:57:16	1	0	1	0
     1082	2019-03-21 09:07:38	1	0	1	0
     1067	2019-03-21 09:10:54	1	0	1	0
       44	2019-03-21 09:15:30	1	0	1	0
     1066	2019-03-21 09:22:20	1	0	1	0
       32	2019-03-21 09:25:48	1	0	1	0
     1083	2019-03-21 09:28:17	1	0	1	0
        1	2019-03-21 10:00:34	1	0	1	0
       48	2019-03-21 10:00:47	1	0	1	0
     1044	2019-03-21 10:07:40	1	0	1	0
        3	2019-03-21 10:15:29	1	0	1	0
       29	2019-03-21 10:18:34	1	0	1	0
       42	2019-03-21 10:37:48	1	0	1	0
       50	2019-03-21 10:38:46	1	0	1	0
        9	2019-03-21 10:39:51	1	0	1	0
       27	2019-03-21 10:42:12	1	0	1	0
       43	2019-03-21 10:45:39	1	0	1	0
       49	2019-03-21 11:27:46	1	0	1	0
       44	2019-03-21 11:52:10	1	1	1	0
     1079	2019-03-21 12:10:06	1	1	1	0
     1082	2019-03-21 12:11:08	1	1	1	0
     1083	2019-03-21 12:11:11	1	1	1	0
       33	2019-03-21 12:16:30	1	1	1	0
     1044	2019-03-21 12:23:23	1	1	1	0
        2	2019-03-21 12:25:31	1	0	1	0
       49	2019-03-21 12:45:43	1	0	1	0
       28	2019-03-21 13:04:37	1	1	1	0
       48	2019-03-21 13:06:02	1	1	1	0
       33	2019-03-21 13:06:07	1	0	1	0
       32	2019-03-21 13:07:21	1	1	1	0
       49	2019-03-21 13:08:45	1	1	1	0
       50	2019-03-21 13:09:10	1	1	1	0
       44	2019-03-21 13:13:47	1	1	1	0
       44	2019-03-21 13:13:51	1	0	1	0
       32	2019-03-21 13:33:07	1	0	1	0
       43	2019-03-21 13:40:28	1	1	1	0
     1082	2019-03-21 13:43:42	1	0	1	0
     1083	2019-03-21 13:43:46	1	0	1	0
       49	2019-03-21 13:52:36	1	0	1	0
       48	2019-03-21 13:52:48	1	0	1	0
     1031	2019-03-21 13:54:44	1	0	1	0
       43	2019-03-21 13:56:41	1	0	1	0
       50	2019-03-21 13:59:45	1	0	1	0
       28	2019-03-21 13:59:52	1	1	1	0
        3	2019-03-21 14:31:01	1	1	1	0
        9	2019-03-21 14:36:51	1	1	1	0
        9	2019-03-21 14:36:52	1	1	1	0
        1	2019-03-21 14:44:42	1	1	1	0
       28	2019-03-21 14:45:20	1	0	1	0
        1	2019-03-21 14:45:46	1	1	1	0
       42	2019-03-21 15:02:07	1	1	1	0
       42	2019-03-21 15:02:12	1	0	1	0
     1067	2019-03-21 15:02:48	1	1	1	0
     1066	2019-03-21 15:02:54	1	1	1	0
     1054	2019-03-21 15:08:20	1	0	1	0
        3	2019-03-21 15:37:52	1	0	1	0
       33	2019-03-21 15:54:53	1	1	1	0
       48	2019-03-21 16:02:22	1	1	1	0
       32	2019-03-21 16:04:39	1	1	1	0
     1044	2019-03-21 16:58:09	1	0	1	0
       29	2019-03-21 17:08:44	1	1	1	0
       29	2019-03-21 17:08:49	1	0	1	0
        3	2019-03-21 17:33:37	1	1	1	0
       44	2019-03-21 17:34:21	1	1	1	0
     1060	2019-03-21 17:38:48	1	0	1	0
     2051	2019-03-21 17:41:55	1	1	1	0
       29	2019-03-21 17:43:29	1	1	1	0
     1082	2019-03-21 18:14:54	1	1	1	0
        2	2019-03-21 18:39:40	1	1	1	0
       42	2019-03-21 18:46:03	1	1	1	0
     1083	2019-03-21 18:56:48	1	1	1	0
     1054	2019-03-21 19:22:46	1	1	1	0
       28	2019-03-21 19:36:06	1	1	1	0
     1044	2019-03-21 19:46:49	1	1	1	0
     1060	2019-03-21 19:46:55	1	1	1	0
       27	2019-03-21 19:47:02	1	1	1	0
       43	2019-03-21 19:47:08	1	1	1	0
       33	2019-03-22 08:19:25	1	0	1	0
       33	2019-03-22 08:33:55	1	1	1	0
     1082	2019-03-22 08:47:09	1	0	1	0
       33	2019-03-22 08:54:33	1	0	1	0
     2051	2019-03-22 08:57:16	1	0	1	0
     1083	2019-03-22 09:09:25	1	0	1	0
       32	2019-03-22 09:14:16	1	0	1	0
       48	2019-03-22 09:17:58	1	0	1	0
       28	2019-03-22 09:18:07	1	0	1	0
       49	2019-03-22 09:26:58	1	0	1	0
       50	2019-03-22 09:58:01	1	0	1	0
        3	2019-03-22 10:16:44	1	0	1	0
       29	2019-03-22 10:21:36	1	0	1	0
       47	2019-03-22 10:26:50	1	0	1	0
     1060	2019-03-22 10:28:04	1	0	1	0
        9	2019-03-22 10:34:43	1	0	1	0
       27	2019-03-22 10:43:38	1	0	1	0
       28	2019-03-22 11:02:10	1	1	1	0
     1079	2019-03-22 11:05:48	1	0	1	0
       28	2019-03-22 11:17:53	1	0	1	0
       50	2019-03-22 11:18:05	1	1	1	0
       50	2019-03-22 11:18:09	1	0	1	0
     1082	2019-03-22 12:12:55	1	1	1	0
     1083	2019-03-22 12:13:13	1	1	1	0
       43	2019-03-22 12:14:43	1	0	1	0
     1021	2019-03-22 12:14:48	1	1	1	0
     1021	2019-03-22 12:14:53	1	0	1	0
       48	2019-03-22 12:26:00	1	1	1	0
       42	2019-03-22 12:35:40	1	0	1	0
        2	2019-03-22 12:35:54	1	0	1	0
       28	2019-03-22 12:38:22	1	1	1	0
       33	2019-03-22 12:45:35	1	1	1	0
     1082	2019-03-22 13:46:35	1	0	1	0
     1083	2019-03-22 13:46:43	1	0	1	0
     2051	2019-03-22 14:05:53	1	1	1	0
       48	2019-03-22 14:59:21	1	1	1	0
       48	2019-03-22 14:59:26	1	0	1	0
       43	2019-03-22 15:10:30	1	1	1	0
       42	2019-03-22 15:17:11	1	1	1	0
        2	2019-03-22 15:23:59	1	1	1	0
        3	2019-03-22 17:20:47	1	1	1	0
        3	2019-03-22 17:20:53	1	0	1	0
       49	2019-03-22 17:21:03	1	1	1	0
        2	2019-03-22 17:27:59	1	0	1	0
       50	2019-03-22 17:40:50	1	1	1	0
        2	2019-03-22 17:45:05	1	1	1	0
       47	2019-03-22 17:57:12	1	1	1	0
       33	2019-03-22 18:02:47	1	1	1	0
       32	2019-03-22 18:39:04	1	1	1	0
       27	2019-03-22 18:39:11	1	1	1	0
       29	2019-03-22 18:39:18	1	1	1	0
        3	2019-03-22 18:47:33	1	1	1	0
     1083	2019-03-22 19:18:21	1	1	1	0
     1082	2019-03-22 19:18:25	1	1	1	0
       48	2019-03-22 19:35:46	1	1	1	0
     1060	2019-03-22 19:53:36	1	1	1	0
       33	2019-03-23 08:41:43	1	0	1	0
       50	2019-03-23 09:14:46	1	0	1	0
       48	2019-03-23 09:16:50	1	0	1	0
     1044	2019-03-23 09:59:04	1	0	1	0
     1044	2019-03-23 10:10:27	1	1	1	0
     1044	2019-03-23 10:10:33	1	0	1	0
       32	2019-03-23 10:15:19	1	0	1	0
     1060	2019-03-23 10:27:53	1	0	1	0
       29	2019-03-23 10:37:31	1	0	1	0
     1079	2019-03-23 10:44:41	1	1	1	0
     1079	2019-03-23 10:44:48	1	0	1	0
       27	2019-03-23 11:01:37	1	0	1	0
     1079	2019-03-23 11:54:43	1	1	1	0
       48	2019-03-23 14:25:27	1	1	1	0
     1044	2019-03-23 14:54:49	1	1	1	0
     1060	2019-03-23 15:16:17	1	1	1	0
       48	2019-03-23 15:20:46	1	0	1	0
     1044	2019-03-23 15:59:43	1	0	1	0
       32	2019-03-23 17:21:18	1	1	1	0
     1044	2019-03-23 17:32:00	1	1	1	0
       29	2019-03-23 18:51:14	1	1	1	0
       48	2019-03-23 19:16:57	1	1	1	0
       27	2019-03-23 19:17:17	1	1	1	0
     2051	2019-03-25 08:15:25	1	0	1	0
       47	2019-03-25 08:27:03	1	0	1	0
     1060	2019-03-25 08:29:03	1	0	1	0
     1082	2019-03-25 08:57:46	1	0	1	0
       48	2019-03-25 09:04:58	1	0	1	0
     1083	2019-03-25 09:07:15	1	0	1	0
       50	2019-03-25 09:11:46	1	0	1	0
       29	2019-03-25 09:21:05	1	0	1	0
       33	2019-03-25 09:22:14	1	0	1	0
       24	2019-03-25 09:27:29	1	0	1	0
       49	2019-03-25 09:28:31	1	0	1	0
     2057	2019-03-25 09:37:07	1	0	1	0
       32	2019-03-25 09:57:29	1	0	1	0
        9	2019-03-25 10:29:56	1	0	1	0
     1079	2019-03-25 10:41:31	1	1	1	0
     1079	2019-03-25 10:41:37	1	0	1	0
       50	2019-03-25 10:42:32	1	1	1	0
        3	2019-03-25 10:44:47	1	0	1	0
       27	2019-03-25 10:45:01	1	0	1	0
       50	2019-03-25 10:58:52	1	0	1	0
        2	2019-03-25 11:10:40	1	0	1	0
     1060	2019-03-25 11:47:14	1	1	1	0
       48	2019-03-25 11:49:45	1	1	1	0
     1083	2019-03-25 12:35:59	1	1	1	0
     1083	2019-03-25 12:36:06	1	1	1	0
     1082	2019-03-25 12:36:34	1	1	1	0
       33	2019-03-25 12:39:44	1	1	1	0
       43	2019-03-25 12:50:11	1	0	1	0
       33	2019-03-25 12:56:41	1	0	1	0
       48	2019-03-25 13:13:09	1	0	1	0
     1060	2019-03-25 13:13:15	1	0	1	0
     1060	2019-03-25 13:45:33	1	1	1	0
       50	2019-03-25 13:47:07	1	1	1	0
       49	2019-03-25 13:47:19	1	1	1	0
     2057	2019-03-25 13:55:35	1	1	1	0
     1083	2019-03-25 14:00:15	1	0	1	0
     1082	2019-03-25 14:00:21	1	0	1	0
     1054	2019-03-25 14:01:18	1	0	1	0
     1054	2019-03-25 14:05:36	1	0	1	0
       42	2019-03-25 14:07:23	1	0	1	0
     1079	2019-03-25 14:10:35	1	1	1	0
     1079	2019-03-25 14:10:41	1	0	1	0
       28	2019-03-25 14:16:13	1	0	1	0
       49	2019-03-25 14:29:50	1	0	1	0
        2	2019-03-25 14:40:52	1	1	1	0
        2	2019-03-25 14:41:02	1	0	1	0
       50	2019-03-25 14:41:08	1	0	1	0
        3	2019-03-25 15:01:01	1	1	1	0
     1079	2019-03-25 15:13:54	1	1	1	0
        9	2019-03-25 15:14:10	1	1	1	0
       33	2019-03-25 16:01:37	1	1	1	0
       33	2019-03-25 16:11:49	1	0	1	0
       28	2019-03-25 16:12:47	1	1	1	0
        3	2019-03-25 16:29:29	1	0	1	0
       33	2019-03-25 16:44:17	1	1	1	0
       49	2019-03-25 16:55:27	1	1	1	0
       28	2019-03-25 16:58:47	1	0	1	0
       48	2019-03-25 17:02:25	1	1	1	0
       24	2019-03-25 17:11:02	1	1	1	0
     1060	2019-03-25 17:14:08	1	0	1	0
       47	2019-03-25 17:25:16	1	1	1	0
       42	2019-03-25 17:26:03	1	1	1	0
     1082	2019-03-25 17:26:14	1	1	1	0
     2051	2019-03-25 17:28:29	1	1	1	0
     1083	2019-03-25 17:41:53	1	1	1	0
       29	2019-03-25 17:42:51	1	1	1	0
       29	2019-03-25 17:42:59	1	0	1	0
       50	2019-03-25 17:51:00	1	0	1	0
       50	2019-03-25 17:51:06	1	1	1	0
       29	2019-03-25 18:20:39	1	1	1	0
     1060	2019-03-25 18:48:29	1	1	1	0
        2	2019-03-25 18:52:53	1	1	1	0
       32	2019-03-25 19:03:53	1	1	1	0
        3	2019-03-25 19:36:46	1	1	1	0
       43	2019-03-25 19:45:08	1	1	1	0
       27	2019-03-25 20:00:14	1	1	1	0
     1054	2019-03-25 20:00:24	1	1	1	0
       49	2019-03-26 07:29:46	1	0	1	0
     1060	2019-03-26 08:06:16	1	0	1	0
     2051	2019-03-26 08:07:04	1	0	1	0
     2051	2019-03-26 08:10:01	1	0	1	0
       33	2019-03-26 08:26:07	1	0	1	0
     1044	2019-03-26 08:46:53	1	0	1	0
     1067	2019-03-26 08:49:08	1	0	1	0
       44	2019-03-26 08:50:34	1	0	1	0
       48	2019-03-26 08:54:58	1	0	1	0
     1021	2019-03-26 09:06:52	1	0	1	0
     1081	2019-03-26 09:11:55	1	0	1	0
       24	2019-03-26 09:12:52	1	0	1	0
     1083	2019-03-26 09:13:04	1	0	1	0
       28	2019-03-26 09:16:17	1	0	1	0
       50	2019-03-26 09:17:36	1	0	1	0
       41	2019-03-26 09:21:37	1	0	1	0
       32	2019-03-26 09:23:20	1	0	1	0
     1082	2019-03-26 09:25:15	1	0	1	0
     1080	2019-03-26 09:25:18	1	0	1	0
     1060	2019-03-26 09:25:24	1	1	1	0
     1033	2019-03-26 09:39:13	1	0	1	0
       41	2019-03-26 09:44:19	1	1	1	0
       29	2019-03-26 09:52:30	1	0	1	0
       41	2019-03-26 09:55:41	1	0	1	0
        3	2019-03-26 09:58:03	1	0	1	0
     1060	2019-03-26 10:02:30	1	0	1	0
     1030	2019-03-26 10:06:30	1	0	1	0
        1	2019-03-26 10:29:46	1	0	1	0
     1066	2019-03-26 10:39:07	1	0	1	0
     1079	2019-03-26 10:39:12	1	0	1	0
        9	2019-03-26 10:40:08	1	0	1	0
       27	2019-03-26 10:49:20	1	0	1	0
     1031	2019-03-26 10:55:13	1	0	1	0
       43	2019-03-26 11:00:46	1	0	1	0
       42	2019-03-26 11:47:55	1	0	1	0
       41	2019-03-26 11:56:12	1	1	1	0
       28	2019-03-26 11:57:02	1	1	1	0
       48	2019-03-26 12:01:05	1	1	1	0
     1060	2019-03-26 12:01:50	1	1	1	0
       50	2019-03-26 12:08:57	1	1	1	0
     1044	2019-03-26 12:10:48	1	1	1	0
     1079	2019-03-26 12:13:01	1	1	1	0
     1080	2019-03-26 12:26:48	1	1	1	0
     1082	2019-03-26 12:27:07	1	1	1	0
     1083	2019-03-26 12:28:00	1	1	1	0
       32	2019-03-26 12:38:45	1	1	1	0
       44	2019-03-26 12:39:36	1	1	1	0
     2057	2019-03-26 12:45:46	1	0	1	0
       33	2019-03-26 12:46:39	1	0	1	0
       28	2019-03-26 12:52:19	1	0	1	0
       42	2019-03-26 12:56:29	1	1	1	0
       42	2019-03-26 12:56:37	1	0	1	0
     1033	2019-03-26 13:05:24	1	1	1	0
     1030	2019-03-26 13:05:50	1	1	1	0
     1044	2019-03-26 13:16:19	1	0	1	0
       43	2019-03-26 13:20:40	1	1	1	0
     1021	2019-03-26 13:22:44	1	1	1	0
     1079	2019-03-26 13:26:37	1	0	1	0
     1081	2019-03-26 13:28:29	1	1	1	0
       44	2019-03-26 13:33:32	1	0	1	0
     1060	2019-03-26 13:34:09	1	0	1	0
       32	2019-03-26 13:34:15	1	0	1	0
       48	2019-03-26 13:34:19	1	0	1	0
     1033	2019-03-26 13:56:26	1	0	1	0
     1082	2019-03-26 13:56:52	1	0	1	0
     1030	2019-03-26 13:56:57	1	0	1	0
     1080	2019-03-26 13:57:01	1	0	1	0
     1083	2019-03-26 13:57:05	1	0	1	0
     1067	2019-03-26 14:09:09	1	1	1	0
        3	2019-03-26 14:10:42	1	1	1	0
       50	2019-03-26 14:34:46	1	1	1	0
       49	2019-03-26 14:34:51	1	1	1	0
     1079	2019-03-26 14:50:32	1	1	1	0
       43	2019-03-26 14:52:34	1	0	1	0
       50	2019-03-26 15:07:53	1	0	1	0
       49	2019-03-26 15:09:21	1	0	1	0
        3	2019-03-26 15:16:39	1	0	1	0
     1033	2019-03-26 15:17:44	1	1	1	0
       33	2019-03-26 15:45:52	1	1	1	0
     1060	2019-03-26 15:59:15	1	1	1	0
       24	2019-03-26 16:03:02	1	1	1	0
     1081	2019-03-26 16:04:10	1	0	1	0
       44	2019-03-26 16:10:03	1	1	1	0
        9	2019-03-26 16:16:43	1	1	1	0
       29	2019-03-26 16:23:29	1	1	1	0
     2051	2019-03-26 16:32:07	1	1	1	0
     1066	2019-03-26 16:41:16	1	1	1	0
     2057	2019-03-26 17:01:46	1	0	1	0
     2057	2019-03-26 17:01:52	1	1	1	0
     1054	2019-03-26 17:09:00	1	0	1	0
     1044	2019-03-26 17:20:23	1	0	1	0
     1044	2019-03-26 17:20:30	1	1	1	0
     1030	2019-03-26 17:29:58	1	1	1	0
       28	2019-03-26 17:30:50	1	1	1	0
       49	2019-03-26 17:35:33	1	1	1	0
     1080	2019-03-26 17:59:21	1	1	1	0
     1082	2019-03-26 17:59:27	1	1	1	0
     1081	2019-03-26 18:06:59	1	1	1	0
        3	2019-03-26 18:13:10	1	1	1	0
       27	2019-03-26 18:28:16	1	1	1	0
       32	2019-03-26 18:28:20	1	1	1	0
     1060	2019-03-26 18:32:25	1	0	1	0
     1060	2019-03-26 18:53:52	1	1	1	0
     1083	2019-03-26 19:03:51	1	1	1	0
       50	2019-03-26 19:14:09	1	1	1	0
       48	2019-03-26 19:17:50	1	1	1	0
       42	2019-03-26 19:20:49	1	1	1	0
     1054	2019-03-26 19:31:05	1	1	1	0
        1	2019-03-26 19:32:18	1	1	1	0
       43	2019-03-26 19:42:35	1	1	1	0
        2	2019-03-26 19:43:23	1	1	1	0
     1083	2019-03-27 07:42:50	1	0	1	0
     1060	2019-03-27 08:05:20	1	0	1	0
     1081	2019-03-27 08:36:04	1	0	1	0
       49	2019-03-27 08:39:07	1	0	1	0
     2051	2019-03-27 08:44:09	1	0	1	0
       47	2019-03-27 08:47:26	1	0	1	0
     1082	2019-03-27 08:59:33	1	0	1	0
       44	2019-03-27 09:01:18	1	0	1	0
     1030	2019-03-27 09:03:56	1	0	1	0
     1067	2019-03-27 09:05:37	1	0	1	0
       33	2019-03-27 09:05:53	1	0	1	0
       50	2019-03-27 09:11:37	1	0	1	0
     1080	2019-03-27 09:14:06	1	0	1	0
       32	2019-03-27 09:15:03	1	0	1	0
       48	2019-03-27 09:20:41	1	0	1	0
       41	2019-03-27 09:26:14	1	0	1	0
     1066	2019-03-27 09:37:11	1	0	1	0
     1078	2019-03-27 09:41:48	1	0	1	0
        3	2019-03-27 09:46:08	1	0	1	0
       24	2019-03-27 09:53:56	1	0	1	0
     1031	2019-03-27 10:03:15	1	0	1	0
        2	2019-03-27 10:04:19	1	0	1	0
       29	2019-03-27 10:29:47	1	0	1	0
       17	2019-03-27 10:48:22	1	0	1	0
       27	2019-03-27 11:01:26	1	0	1	0
       28	2019-03-27 11:15:26	1	0	1	0
     1054	2019-03-27 11:29:24	1	0	1	0
       42	2019-03-27 11:29:35	1	0	1	0
       41	2019-03-27 11:35:00	1	1	1	0
       42	2019-03-27 11:35:08	1	1	1	0
       42	2019-03-27 11:35:09	1	1	1	0
       41	2019-03-27 11:45:10	1	0	1	0
       42	2019-03-27 11:45:28	1	0	1	0
       33	2019-03-27 11:46:15	1	1	1	0
       48	2019-03-27 11:53:22	1	1	1	0
     2057	2019-03-27 12:04:23	1	0	1	0
       24	2019-03-27 12:08:46	1	1	1	0
     1082	2019-03-27 12:26:57	1	1	1	0
     1083	2019-03-27 12:27:01	1	1	1	0
     1080	2019-03-27 12:27:05	1	1	1	0
     1079	2019-03-27 12:40:57	1	0	1	0
     1030	2019-03-27 12:50:18	1	1	1	0
     1081	2019-03-27 12:57:48	1	1	1	0
       44	2019-03-27 12:57:56	1	1	1	0
       48	2019-03-27 13:06:32	1	0	1	0
       43	2019-03-27 13:12:57	1	0	1	0
       32	2019-03-27 13:22:21	1	1	1	0
       24	2019-03-27 13:25:50	1	0	1	0
       17	2019-03-27 13:25:58	1	0	1	0
       28	2019-03-27 13:28:45	1	1	1	0
     1030	2019-03-27 13:29:26	1	0	1	0
     1067	2019-03-27 13:36:54	1	1	1	0
     1044	2019-03-27 13:50:00	1	0	1	0
       28	2019-03-27 13:53:18	1	1	1	0
       28	2019-03-27 13:53:22	1	0	1	0
       32	2019-03-27 13:54:55	1	0	1	0
     1082	2019-03-27 13:55:27	1	0	1	0
     1083	2019-03-27 13:55:30	1	0	1	0
     1080	2019-03-27 13:55:34	1	0	1	0
       44	2019-03-27 13:57:27	1	0	1	0
        3	2019-03-27 13:59:51	1	1	1	0
     1030	2019-03-27 14:02:57	1	1	1	0
     1081	2019-03-27 14:25:06	1	0	1	0
     1066	2019-03-27 14:26:33	1	1	1	0
       49	2019-03-27 14:30:18	1	1	1	0
       50	2019-03-27 14:30:25	1	1	1	0
     1054	2019-03-27 14:32:26	1	0	1	0
       42	2019-03-27 14:45:23	1	1	1	0
       42	2019-03-27 14:45:31	1	0	1	0
        3	2019-03-27 14:57:05	1	0	1	0
       41	2019-03-27 15:07:08	1	1	1	0
       49	2019-03-27 15:09:13	1	1	1	0
       50	2019-03-27 15:14:12	1	0	1	0
       41	2019-03-27 15:37:21	1	0	1	0
       28	2019-03-27 15:59:09	1	1	1	0
       28	2019-03-27 16:02:42	1	0	1	0
     2051	2019-03-27 16:58:13	1	1	1	0
       24	2019-03-27 17:15:38	1	1	1	0
       41	2019-03-27 17:19:29	1	1	1	0
     1079	2019-03-27 17:24:35	1	1	1	0
       48	2019-03-27 17:31:55	1	1	1	0
       44	2019-03-27 17:35:24	1	1	1	0
       49	2019-03-27 17:40:21	1	1	1	0
     1044	2019-03-27 17:45:01	1	1	1	0
       47	2019-03-27 17:55:13	1	1	1	0
     2057	2019-03-27 17:57:57	1	1	1	0
       17	2019-03-27 17:59:25	1	1	1	0
       32	2019-03-27 18:10:58	1	1	1	0
     1060	2019-03-27 18:14:45	1	1	1	0
     1044	2019-03-27 18:29:34	1	0	1	0
     1081	2019-03-27 18:33:01	1	1	1	0
     1082	2019-03-27 18:38:04	1	1	1	0
     1080	2019-03-27 18:38:07	1	1	1	0
        2	2019-03-27 18:45:58	1	1	1	0
       29	2019-03-27 18:57:25	1	1	1	0
     1083	2019-03-27 19:09:32	1	1	1	0
       42	2019-03-27 19:33:51	1	1	1	0
     1078	2019-03-27 19:37:45	1	1	1	0
       50	2019-03-27 19:38:40	1	1	1	0
       28	2019-03-27 19:39:19	1	1	1	0
       43	2019-03-27 19:40:02	1	1	1	0
        3	2019-03-27 19:45:38	1	1	1	0
        3	2019-03-27 19:48:32	1	1	1	0
     1044	2019-03-27 19:58:22	1	1	1	0
     1054	2019-03-27 19:58:55	1	1	1	0
     1031	2019-03-27 19:58:59	1	1	1	0
       27	2019-03-27 19:59:06	1	1	1	0
        1	2019-03-27 19:59:21	1	1	1	0
     1083	2019-03-28 07:41:03	1	0	1	0
     1060	2019-03-28 08:15:51	1	0	1	0
       47	2019-03-28 08:26:03	1	0	1	0
       49	2019-03-28 08:45:03	1	0	1	0
     1080	2019-03-28 08:45:27	1	0	1	0
       50	2019-03-28 08:51:43	1	0	1	0
     1067	2019-03-28 09:01:34	1	0	1	0
     1081	2019-03-28 09:05:25	1	0	1	0
       48	2019-03-28 09:05:38	1	0	1	0
       33	2019-03-28 09:07:21	1	0	1	0
     1082	2019-03-28 09:08:42	1	0	1	0
     1066	2019-03-28 09:11:54	1	0	1	0
       32	2019-03-28 09:12:20	1	0	1	0
     2051	2019-03-28 09:16:48	1	0	1	0
       29	2019-03-28 09:20:54	1	0	1	0
       41	2019-03-28 09:38:59	1	0	1	0
       44	2019-03-28 09:39:51	1	0	1	0
       28	2019-03-28 09:40:32	1	0	1	0
     1078	2019-03-28 09:46:49	1	0	1	0
     1033	2019-03-28 09:52:24	1	0	1	0
        1	2019-03-28 09:56:38	1	0	1	0
     1030	2019-03-28 10:02:42	1	0	1	0
     1079	2019-03-28 10:05:15	1	0	1	0
        3	2019-03-28 10:08:26	1	0	1	0
       41	2019-03-28 10:12:24	1	1	1	0
       42	2019-03-28 10:15:11	1	0	1	0
       50	2019-03-28 10:36:08	1	1	1	0
        9	2019-03-28 10:40:23	1	0	1	0
       27	2019-03-28 10:41:09	1	0	1	0
     1031	2019-03-28 10:41:33	1	0	1	0
     1054	2019-03-28 10:41:37	1	0	1	0
        2	2019-03-28 10:47:28	1	0	1	0
       50	2019-03-28 10:47:33	1	0	1	0
       29	2019-03-28 10:50:33	1	1	1	0
       41	2019-03-28 11:00:12	1	0	1	0
       17	2019-03-28 11:29:28	1	0	1	0
       24	2019-03-28 11:48:06	1	0	1	0
     1060	2019-03-28 11:57:57	1	1	1	0
       48	2019-03-28 11:58:17	1	1	1	0
     1079	2019-03-28 12:23:12	1	1	1	0
     1080	2019-03-28 12:35:27	1	1	1	0
     1082	2019-03-28 12:35:36	1	1	1	0
     1083	2019-03-28 12:36:35	1	1	1	0
       17	2019-03-28 12:47:51	1	1	1	0
        9	2019-03-28 12:48:00	1	1	1	0
     1030	2019-03-28 12:51:40	1	1	1	0
     1060	2019-03-28 12:56:56	1	0	1	0
       48	2019-03-28 12:57:03	1	0	1	0
     1044	2019-03-28 13:10:20	1	0	1	0
     1081	2019-03-28 13:16:22	1	1	1	0
       32	2019-03-28 13:28:50	1	1	1	0
     1031	2019-03-28 13:39:06	1	1	1	0
     1054	2019-03-28 13:39:33	1	1	1	0
     1079	2019-03-28 13:47:18	1	0	1	0
       28	2019-03-28 13:57:07	1	1	1	0
        9	2019-03-28 13:57:28	1	0	1	0
        3	2019-03-28 14:03:22	1	1	1	0
       32	2019-03-28 14:03:37	1	1	1	0
     1082	2019-03-28 14:05:42	1	0	1	0
     1083	2019-03-28 14:05:47	1	0	1	0
     1080	2019-03-28 14:05:50	1	0	1	0
       17	2019-03-28 14:10:39	1	0	1	0
       33	2019-03-28 14:23:03	1	1	1	0
       44	2019-03-28 14:23:18	1	0	1	0
       28	2019-03-28 14:36:51	1	0	1	0
     1054	2019-03-28 14:37:38	1	0	1	0
     1031	2019-03-28 14:37:40	1	0	1	0
     1081	2019-03-28 14:43:44	1	0	1	0
       33	2019-03-28 14:46:52	1	0	1	0
       49	2019-03-28 14:48:04	1	0	1	0
       49	2019-03-28 14:48:10	1	1	1	0
        3	2019-03-28 15:09:20	1	0	1	0
       48	2019-03-28 15:27:13	1	1	1	0
       49	2019-03-28 15:42:31	1	0	1	0
     1060	2019-03-28 15:43:58	1	1	1	0
       49	2019-03-28 16:05:56	1	1	1	0
     1067	2019-03-28 16:28:24	1	1	1	0
     1079	2019-03-28 16:29:02	1	1	1	0
        9	2019-03-28 16:33:56	1	1	1	0
       49	2019-03-28 16:48:45	1	0	1	0
        1	2019-03-28 16:52:52	1	1	1	0
     1066	2019-03-28 17:08:42	1	1	1	0
     2051	2019-03-28 17:15:46	1	1	1	0
     1044	2019-03-28 17:17:29	1	1	1	0
     1054	2019-03-28 17:17:30	1	1	1	0
       49	2019-03-28 17:33:42	1	1	1	0
       41	2019-03-28 17:42:06	1	1	1	0
     1033	2019-03-28 17:42:09	1	1	1	0
       43	2019-03-28 18:00:18	1	0	1	0
       47	2019-03-28 18:03:15	1	1	1	0
       44	2019-03-28 18:09:06	1	1	1	0
     1081	2019-03-28 18:19:08	1	1	1	0
       41	2019-03-28 18:19:18	1	0	1	0
     1033	2019-03-28 18:19:21	1	0	1	0
       50	2019-03-28 18:19:52	1	1	1	0
       32	2019-03-28 18:21:24	1	1	1	0
       32	2019-03-28 18:23:12	1	1	1	0
     1080	2019-03-28 18:33:31	1	1	1	0
     1083	2019-03-28 18:33:36	1	1	1	0
     1083	2019-03-28 18:33:38	1	1	1	0
     1082	2019-03-28 18:33:45	1	1	1	0
       33	2019-03-28 18:57:00	1	1	1	0
     1078	2019-03-28 19:10:43	1	1	1	0
     1060	2019-03-28 19:12:01	1	1	1	0
       24	2019-03-28 19:22:50	1	1	1	0
       17	2019-03-28 19:26:04	1	1	1	0
       42	2019-03-28 19:34:33	1	1	1	0
       27	2019-03-28 19:38:15	1	1	1	0
        3	2019-03-28 19:45:35	1	1	1	0
     1054	2019-03-28 19:45:55	1	1	1	0
     1031	2019-03-28 19:46:00	1	1	1	0
       41	2019-03-28 19:50:11	1	1	1	0
     1033	2019-03-28 19:50:17	1	1	1	0
       28	2019-03-28 19:51:36	1	1	1	0
       43	2019-03-28 19:53:39	1	1	1	0
       29	2019-03-29 07:33:42	1	0	1	0
     1060	2019-03-29 07:49:30	1	0	1	0
       33	2019-03-29 08:05:22	1	0	1	0
     2051	2019-03-29 08:29:48	1	0	1	0
     1082	2019-03-29 08:45:49	1	0	1	0
     1033	2019-03-29 08:56:13	1	0	1	0
     1080	2019-03-29 09:00:19	1	0	1	0
       44	2019-03-29 09:00:31	1	0	1	0
       50	2019-03-29 09:01:52	1	0	1	0
     2057	2019-03-29 09:06:43	1	0	1	0
       32	2019-03-29 09:06:48	1	0	1	0
     1044	2019-03-29 09:06:55	1	0	1	0
       48	2019-03-29 09:11:41	1	0	1	0
     1066	2019-03-29 09:13:41	1	0	1	0
       49	2019-03-29 09:18:04	1	0	1	0
     1081	2019-03-29 09:25:25	1	0	1	0
        1	2019-03-29 09:34:45	1	0	1	0
     1030	2019-03-29 09:36:24	1	0	1	0
       28	2019-03-29 09:51:31	1	0	1	0
     1079	2019-03-29 10:13:11	1	0	1	0
       43	2019-03-29 10:16:29	1	0	1	0
       42	2019-03-29 10:18:40	1	0	1	0
       42	2019-03-29 10:18:41	1	0	1	0
       27	2019-03-29 10:18:55	1	0	1	0
        3	2019-03-29 10:40:42	1	0	1	0
     1078	2019-03-29 10:44:18	1	0	1	0
        9	2019-03-29 10:44:32	1	0	1	0
       24	2019-03-29 10:56:10	1	1	1	0
       24	2019-03-29 10:56:15	1	0	1	0
       41	2019-03-29 11:03:27	1	0	1	0
     2057	2019-03-29 11:12:37	1	1	1	0
        9	2019-03-29 11:33:45	1	1	1	0
     1081	2019-03-29 11:59:31	1	1	1	0
       44	2019-03-29 12:06:50	1	1	1	0
        3	2019-03-29 12:18:19	1	1	1	0
     1060	2019-03-29 13:29:08	1	0	1	0
       29	2019-03-29 13:29:15	1	1	1	0
       43	2019-03-29 13:29:22	1	1	1	0
       32	2019-03-29 13:29:25	1	1	1	0
       48	2019-03-29 13:30:25	1	1	1	0
       33	2019-03-29 13:30:55	1	1	1	0
     2051	2019-03-29 13:30:57	1	1	1	0
